-1.561927 5.093750 -0.854667
6.907818 5.481673 -0.998455
-6.877759 -0.442403 -0.036446
6.789609 -2.679265 -0.980493
-6.991071 -6.586890 -0.999051
0.475480 6.611563 -0.048104
0.983962 0.147961 0.515683
0.540989 6.960645 -0.078471
-5.966633 6.780607 -0.998739
6.732122 1.627652 -0.874802
6.715536 0.529901 -0.072592
0.372839 -1.657347 0.098072
0.091098 -1.994478 0.059370
-0.142427 0.451045 0.959845
3.169055 6.722339 -0.989693
5.434995 -6.717741 -0.998364
1.924725 0.732548 -0.155666
-6.818570 2.233483 -0.960905
-3.046767 -2.094935 -0.939173
-1.766531 -1.868322 -0.831029
-1.156282 -2.603313 -0.619953
0.138960 -6.687851 0.000127
-0.307144 -6.980200 -0.008400
-6.971710 -2.264282 -0.962928
0.083865 1.531761 0.153677
2.719620 1.990288 -0.922138
0.078685 1.526515 0.155481
-6.477710 4.041506 -0.995698
-2.327029 -0.614362 -0.091719
2.601725 -0.919727 -0.395736
2.611733 -0.659414 -0.137969
-1.921619 -6.935728 -0.931241
-2.069256 -6.878674 -0.947831
1.714464 -1.602566 -0.764613
1.202557 -0.962024 -0.137877
1.979271 -4.215359 -0.935669
0.688969 2.181943 -0.141631
-1.404243 0.450918 0.164866
-1.352083 3.222832 -0.760510
0.331796 2.864560 0.002660
