-4.876076 1.609131 -0.868440
6.782866 -0.791233 -0.281105
-6.910436 -4.706095 -0.997527
-0.269287 2.141436 0.040164
-0.822562 -6.895600 -0.313592
3.441170 6.372698 -0.992313
3.750145 6.601432 -0.994443
6.997920 2.730500 -0.981911
6.775713 2.736874 -0.982015
-5.026640 6.917678 -0.998000
2.997900 -6.876736 -0.987324
-0.307391 -2.939775 0.004363
1.000070 -1.769892 -0.407586
0.034698 -6.985141 0.000418
0.032709 6.696185 0.000496
-0.093836 6.791304 0.000392
-3.825503 -6.702673 -0.994857
0.118857 -3.015111 0.011756
-6.928904 -0.526856 -0.071104
0.471125 -0.197664 0.951523
0.524249 -0.270513 0.924443
0.368732 -0.328185 0.970382
1.440291 6.570694 -0.810902
1.284274 0.918679 -0.147196
1.289650 1.362099 -0.509368
-0.969474 1.023629 0.007624
1.733201 -6.778060 -0.899765
-6.968825 5.951187 -0.998780
-6.795500 -2.279411 -0.963811
-1.558646 -1.596505 -0.721717
-1.092150 -1.485392 -0.416835
0.091146 0.105193 0.999809
-1.471582 -0.703269 -0.020781
2.185188 -1.328962 -0.715223
2.576871 -1.574009 -0.837729
-1.249573 0.074862 0.290829
6.907256 -4.253784 -0.996516
6.822536 0.786796 -0.276588
5.731794 6.774877 -0.998600
1.870434 -0.132621 0.075221
