-6.588670 2.861718 -0.984778
6.977801 -6.703847 -0.999083
6.982492 0.750660 -0.240579
-2.226322 -6.996948 -0.960470
-6.567229 -6.429455 -0.998878
6.617919 6.873538 -0.999031
-2.501416 2.888101 -0.960925
-0.372001 6.932540 -0.018358
-0.385771 6.787707 -0.021196
-3.966088 6.741778 -0.995491
-6.833383 -0.012317 0.000458
-6.267873 0.564730 -0.091673
0.134221 0.310043 0.990520
0.546352 -6.876773 -0.081366
6.689344 4.541462 -0.997156
-0.255021 -6.727014 -0.003724
0.411331 -1.176732 0.314942
2.254338 5.718328 -0.961790
-0.772485 1.211027 0.054786
-3.041399 -6.792879 -0.987978
-1.806358 0.331959 0.073864
-0.364545 2.272394 0.018793
-0.139874 -2.332987 0.032271
0.369531 -2.594706 0.003280
2.320439 -6.674106 -0.966154
2.239336 -6.057262 -0.961012
6.972229 3.281629 -0.991028
-6.866853 6.965119 -0.999126
-1.662129 6.836039 -0.883699
-1.713548 6.729888 -0.895579
2.021325 0.866594 -0.304087
2.077807 0.949298 -0.397235
1.239977 -0.239306 0.293993
-4.609759 -6.911177 -0.997352
-1.555654 -0.591948 0.036488
-1.693706 1.347613 -0.658985
-6.878724 -3.551148 -0.993305
1.104448 3.514499 -0.591547
2.193287 -1.215469 -0.644369
4.121922 6.333046 -0.995927
