-0.556557 1.874412 -0.012609
-6.887691 -2.767821 -0.982802
1.093747 -6.082466 -0.587932
2.679549 6.884068 -0.980526
6.611747 -4.811719 -0.997615
6.936683 3.064925 -0.988363
-2.772891 6.782413 -0.982894
-2.793341 6.539069 -0.983294
-2.844468 6.980132 -0.984533
-5.735800 4.819331 -0.997227
0.273277 2.249469 0.032041
-2.474387 -2.943091 -0.960863
-2.050665 -2.502979 -0.921633
0.301119 6.635345 -0.007639
-2.562605 -6.925787 -0.976903
0.065143 -2.269135 0.036330
-6.976415 -6.064780 -0.998839
2.053342 -6.713573 -0.946250
6.860813 -0.576625 -0.099097
-0.417425 -2.267564 0.006979
-0.288981 -1.924691 0.060996
0.351807 0.462500 0.941159
-0.674010 3.869731 -0.166633
-6.905271 3.761830 -0.994592
-6.995160 2.812480 -0.983852
1.819638 2.492521 -0.891156
-0.819222 -0.308024 0.680540
-0.991287 -0.621997 0.378561
-6.709465 -0.152797 -0.000052
5.759949 6.965260 -0.998668
1.648937 6.907936 -0.880413
-2.886109 -1.863803 -0.909263
6.995054 -2.979707 -0.987056
6.562516 0.771775 -0.261335
-0.006325 1.388608 0.211951
2.694835 -0.596675 -0.093884
2.078452 -0.562028 -0.039866
0.873830 -1.806499 -0.282473
0.971888 -1.594475 -0.337531
-1.209562 0.588367 0.211409
