6.856884 -2.281930 -0.963980
2.627633 6.760565 -0.978976
-6.970226 4.335338 -0.996754
-4.362363 -6.772739 -0.996771
2.199512 -6.852894 -0.958571
-0.023903 -0.530739 0.926487
0.153300 -0.175288 0.998505
-0.014497 -0.346985 0.985711
-6.807213 -6.879751 -0.999088
1.993299 2.096534 -0.891216
2.017224 2.260491 -0.906161
6.831260 6.455318 -0.998965
-6.899075 0.460919 -0.042743
-6.557861 0.605002 -0.117607
6.867348 -6.961719 -0.999125
-5.171147 6.996039 -0.998186
1.694202 -0.593710 -0.002278
1.571251 -0.737304 -0.087167
0.305086 0.310794 0.982167
1.146458 0.642718 0.220862
-0.343456 1.593767 0.120467
-0.076766 1.518998 0.158096
-6.916818 -3.852626 -0.995045
1.201381 -2.544399 -0.652354
1.620609 -2.620304 -0.852611
6.781129 1.869435 -0.923847
0.030551 6.813976 0.000463
0.976236 2.825196 -0.460514
-0.806567 -6.982625 -0.296946
-0.853639 6.856827 -0.346381
-1.049017 0.564138 0.360323
0.566230 -5.887136 -0.092381
6.597230 0.145813 0.000076
6.986217 0.304244 -0.008076
6.950021 0.301303 -0.007746
3.268649 -1.935777 -0.924834
-6.895594 -1.813079 -0.914856
0.806492 -1.112512 0.097679
-1.360547 -0.859364 -0.127004
-1.250084 -0.979684 -0.188963
