-6.837408 -4.606534 -0.997327
5.209962 6.970722 -0.998221
-4.638745 5.474661 -0.996733
6.998807 0.535816 -0.075733
0.376344 -6.797498 -0.019198
-0.872095 0.789760 0.353467
-0.786303 1.025967 0.197839
0.728332 -6.955794 -0.219174
2.543963 -2.280486 -0.941026
3.355066 -2.954049 -0.979208
-6.958641 0.215465 -0.001724
0.834440 2.892412 -0.312431
0.580451 3.603848 -0.096051
-1.299809 -0.425331 0.227752
-1.523060 -0.357198 0.140695
-1.662418 -6.598610 -0.883701
-1.711957 -6.732534 -0.895233
0.239679 0.610237 0.874925
0.122281 0.862477 0.643552
6.504751 3.006120 -0.987344
6.377005 3.087849 -0.988516
6.971097 3.360809 -0.991799
0.227545 -2.985077 0.009764
-0.259304 -0.030232 0.995499
2.428872 -6.863779 -0.971619
-0.874647 -1.242618 -0.073693
2.463239 -6.911772 -0.973118
1.584405 -0.711321 -0.066877
-2.998350 -5.010614 -0.986194
-2.267778 -4.417004 -0.960948
0.249570 -2.484158 0.021723
-6.173519 1.671437 -0.885737
6.953917 -2.698115 -0.981053
-0.704518 4.319317 -0.194798
-6.138972 -6.872823 -0.998848
2.194346 0.120472 0.041136
2.677743 1.944567 -0.915555
1.689895 1.350030 -0.659388
-2.372248 0.221041 0.028228
-2.153312 0.313839 0.034837
