6.753580 4.929538 -0.997829
-6.724347 -6.516201 -0.998957
2.146406 -3.184194 -0.945372
-3.525983 6.790531 -0.993102
2.088148 -6.869534 -0.949583
0.243818 -5.096931 -0.002042
6.913050 -0.986047 -0.485515
-0.226777 -6.937733 -0.002206
-6.983873 0.785932 -0.275750
-6.741368 5.808992 -0.998639
0.978607 0.723554 0.306489
-0.150406 -0.758629 0.750679
-0.264594 -0.334626 0.982740
0.077161 -1.144718 0.368005
6.102557 -3.285631 -0.990772
0.729093 2.189263 -0.178602
0.114016 2.319486 0.033226
-1.595525 2.100661 -0.817475
-1.154037 1.529389 -0.484936
-0.579661 1.137913 0.272158
-0.487824 6.566228 -0.053058
0.137430 1.148798 0.364380
0.876534 -0.943136 0.187090
0.767528 -1.036352 0.206723
-2.678751 -6.686347 -0.980449
-2.708303 -6.455288 -0.981177
-2.270476 -6.713203 -0.963243
1.894315 6.754209 -0.927457
3.238625 6.964251 -0.990567
-0.556531 4.353644 -0.084758
-6.969419 3.503648 -0.992984
2.086498 -0.045597 0.050114
2.091146 -0.280051 0.043583
-1.304542 0.425436 0.224938
1.727977 1.559220 -0.754443
6.913292 1.749383 -0.903090
1.911534 1.315772 -0.680149
-1.908109 -2.100760 -0.881017
-2.576747 -2.099008 -0.928827
-1.480819 -0.364021 0.154906
