-1.204918 0.665798 0.157540
6.958822 3.802109 -0.994811
-6.935059 -4.159278 -0.996238
-6.096128 4.678328 -0.997193
0.388114 6.961599 -0.021761
0.179352 6.438221 -0.000452
0.720139 1.185529 0.124148
6.851494 -0.031873 0.000453
2.031749 -3.800466 -0.939798
-1.348369 4.526852 -0.765362
6.996082 -4.539748 -0.997234
-2.851080 0.302364 0.006620
0.033055 1.666344 0.114808
5.205403 -6.748236 -0.998158
-2.575238 -6.970526 -0.977345
-0.252087 0.971001 0.525372
-0.235824 0.524694 0.926465
0.679213 -3.803594 -0.170724
1.223994 -5.575354 -0.690751
-0.055391 -1.105296 0.401194
-0.091230 -0.619451 0.871588
6.704533 6.347512 -0.998890
2.150704 -0.382028 0.023796
-5.684030 -6.929395 -0.998609
0.419105 -2.252691 0.007452
0.926657 -0.615826 0.449848
3.074195 6.832334 -0.988469
2.659424 6.776565 -0.979926
-0.517859 -5.351933 -0.065876
1.448461 6.872006 -0.814427
-6.972281 -0.578858 -0.100520
-2.135878 1.336598 -0.715578
-1.863671 6.805897 -0.922986
-6.825931 1.878926 -0.925265
0.285721 3.555845 -0.000404
1.743167 1.469598 -0.725738
-1.018180 -0.328755 0.470444
-1.718880 3.421346 -0.889973
-1.615213 6.970577 -0.871477
-1.210253 2.897382 -0.668082
