-6.333747 6.981065 -0.998958
5.770935 -4.582540 -0.996837
-5.378869 -6.979905 -0.998386
6.857497 -1.366816 -0.776837
2.289296 6.866034 -0.964422
6.903276 3.495967 -0.992910
6.732869 3.489861 -0.992817
-6.911526 -0.645558 -0.147538
0.226470 0.403191 0.971630
0.022660 0.226125 0.997392
-0.399843 -6.785612 -0.024451
-1.328583 -6.810833 -0.756563
-2.466177 1.560500 -0.829378
2.203819 0.581477 -0.061924
-6.958443 2.508290 -0.974933
-6.548321 -3.446332 -0.992418
-6.842851 -3.858800 -0.995054
4.067684 -6.951022 -0.995932
6.740477 0.949606 -0.447992
1.056413 1.991664 -0.494904
1.152540 1.884925 -0.564869
-1.351442 0.155385 0.230060
-2.474504 6.959195 -0.973595
2.310903 -1.592954 -0.831695
1.313648 -2.409139 -0.719783
-6.441414 0.494992 -0.056053
6.931049 -6.580790 -0.999034
-6.845946 -5.829581 -0.998680
-2.683717 -6.740364 -0.980603
-2.191456 -1.727312 -0.857453
-1.971045 -1.169296 -0.589356
0.603780 -6.848675 -0.116853
-0.625685 1.631629 -0.009242
1.135254 -0.328318 0.364312
1.331406 -0.204986 0.239651
6.946447 4.923568 -0.997872
4.244427 1.708721 -0.891939
3.944568 6.949928 -0.995458
2.285517 -6.961810 -0.964221
-0.966988 1.054688 -0.019526
