6.855488 -1.835754 -0.918621
-6.975618 -0.788102 -0.277958
1.158304 -6.953344 -0.642439
1.566986 6.599134 -0.857210
6.959474 5.926370 -0.998764
-1.049509 3.429982 -0.540999
-6.839430 5.240527 -0.998219
0.254993 0.175228 0.994848
0.387850 0.922463 0.557887
-4.003995 -6.925862 -0.995690
5.749963 -6.899031 -0.998645
-1.288332 6.903915 -0.733244
-1.435240 -2.017573 -0.752362
-6.887655 -6.976844 -0.999134
6.665063 1.775850 -0.908131
-5.103078 6.972195 -0.998105
-0.832867 -4.121688 -0.321407
1.271323 -2.517584 -0.698881
1.812340 -0.148680 0.084340
6.867310 3.976338 -0.995566
-6.959546 -4.151616 -0.996219
-6.956022 -2.434954 -0.971913
-6.949038 1.626218 -0.874475
-6.890379 1.740017 -0.901196
0.254341 -1.732428 0.095754
-1.470003 -0.677119 0.002682
-0.525500 -1.087614 0.345939
-1.421293 0.757346 -0.050723
-1.479120 0.744603 -0.062303
2.036411 3.413841 -0.937738
2.181766 3.232034 -0.948651
6.791646 -4.573283 -0.997249
-1.686374 2.489191 -0.864573
-2.020033 2.071445 -0.891830
6.793801 -0.059672 0.000457
6.625991 -0.014244 0.000518
-6.966923 0.261109 -0.004202
-6.905952 0.448208 -0.038352
6.892278 -2.383199 -0.969489
-2.650101 -2.510932 -0.955589
