0.235304 -6.875558 -0.002609
5.879219 6.975284 -0.998741
-6.839543 -6.022507 -0.998784
6.043390 -6.781765 -0.998778
1.410764 -1.094855 -0.388075
1.558619 -0.712606 -0.060108
2.401596 6.655781 -0.970307
6.961448 0.330144 -0.011315
-6.835405 -0.201621 -0.001192
-6.390476 0.071173 0.000574
-1.315451 6.976381 -0.749223
-0.639208 6.944719 -0.142630
-0.273129 0.399412 0.969648
-6.726287 3.098235 -0.988775
-6.922829 5.812460 -0.998689
1.985456 0.896868 -0.332380
-3.257842 4.949953 -0.989538
-2.575589 -6.773144 -0.977306
-2.894183 -6.815214 -0.985484
6.853148 -2.924936 -0.986068
6.801717 -2.391843 -0.969885
0.157926 2.017012 0.056354
-1.796926 0.512459 0.023003
-1.606199 -0.136020 0.130278
-6.954679 -2.684534 -0.980682
-6.932877 -2.685034 -0.980691
0.239967 -0.688682 0.813059
-6.099769 6.822095 -0.998817
2.286905 -6.995844 -0.964312
6.950098 2.280807 -0.963936
0.491394 1.367362 0.167340
0.578574 4.907391 -0.099043
-2.000773 -1.134025 -0.564448
-2.650697 3.072705 -0.969052
-1.245487 -6.998071 -0.706013
6.862391 4.094626 -0.996004
6.981651 4.982608 -0.997959
3.880206 -6.900035 -0.995167
0.437028 -2.402472 -0.006052
0.552353 -2.745970 -0.067872
