6.303390 4.080263 -0.995772
-6.676014 -1.325073 -0.754573
6.650262 -4.538930 -0.997138
-2.597794 6.177542 -0.977828
0.841114 -6.544975 -0.333019
6.812025 1.700984 -0.892829
0.693357 0.628800 0.677075
0.327935 0.519910 0.920477
2.189938 6.833886 -0.957875
2.289267 6.980099 -0.964449
-1.253973 -1.915165 -0.642842
-6.780231 2.275511 -0.963570
5.452978 6.842314 -0.998414
2.342054 1.051925 -0.518283
-2.050779 -0.450434 0.013973
1.827762 -1.049584 -0.466009
1.666968 -1.204622 -0.563357
-0.652348 6.592404 -0.152802
-5.726631 6.489905 -0.998508
-0.000741 2.850915 0.014912
-1.402183 -6.945938 -0.794047
1.656508 2.421948 -0.854520
-0.508541 0.143584 0.936887
3.539517 -6.838765 -0.993212
-6.976383 0.626721 -0.133234
1.023124 6.826453 -0.522385
-2.566187 1.061044 -0.536438
6.970553 -2.449406 -0.972546
6.683936 -0.186579 -0.000710
1.521771 -2.372724 -0.812252
-6.635611 -6.860634 -0.999033
-5.732185 -6.990580 -0.998656
-6.999821 -4.281093 -0.996615
-6.981043 3.404370 -0.992189
-3.015100 -6.787689 -0.987574
-1.841608 2.885878 -0.905803
3.102244 6.727293 -0.988830
-4.300721 6.836248 -0.996628
-0.075330 -0.735133 0.773929
-6.948050 5.801106 -0.998689
