1.624668 4.554973 -0.872168
-5.625965 -6.816505 -0.998540
6.847366 -2.089999 -0.949745
-1.512589 0.970618 -0.309817
0.976522 -4.026918 -0.472471
1.990065 0.844169 -0.276858
6.990493 -6.061019 -0.998841
6.944706 3.685491 -0.994179
-6.953889 0.363299 -0.016695
-6.391891 -0.559261 -0.088511
-6.979351 4.229526 -0.996464
-6.831347 4.279172 -0.996568
-5.499377 6.884956 -0.998463
-6.603526 6.996747 -0.999057
-6.176556 6.840389 -0.998857
0.556083 6.908326 -0.086838
0.567270 6.769776 -0.093359
-1.912690 -6.770484 -0.930001
-0.076677 0.322301 0.989290
0.474836 0.161490 0.950943
-0.390505 -1.419606 0.174849
-0.189511 -1.514268 0.158510
3.887171 -6.937716 -0.995208
6.981846 6.644199 -0.999066
1.418963 -1.493334 -0.634720
-0.639541 2.859481 -0.128579
-0.981541 3.119977 -0.470934
-6.796776 -4.147088 -0.996162
0.664018 1.473032 0.012422
0.786555 1.204113 0.045550
6.852876 0.965010 -0.463990
1.658967 -0.641463 -0.028170
-1.108379 6.720598 -0.600980
-1.989009 6.974526 -0.939522
-3.002641 6.946043 -0.987418
-6.858556 2.782587 -0.983142
-6.799868 2.217935 -0.959848
-2.848271 -0.704095 -0.182316
2.213141 -2.885948 -0.945773
1.191889 -6.903678 -0.668226
