-6.945794 4.398305 -0.996906
6.982721 -3.500869 -0.992966
-6.516778 -4.648731 -0.997309
6.502619 6.420064 -0.998853
-4.500019 6.900683 -0.997127
2.332388 -3.474867 -0.960502
0.328116 -0.859771 0.635194
-6.989643 -0.366694 -0.017341
-1.033117 -6.898842 -0.532093
2.636856 6.713185 -0.979242
-4.108612 -6.895526 -0.996061
-3.816242 -6.966556 -0.994883
6.793001 1.993309 -0.939961
6.898999 1.833807 -0.918316
-5.884609 1.186444 -0.663763
6.801691 -0.602082 -0.115679
0.486517 1.757982 0.041722
1.667873 -6.936687 -0.885131
-0.578320 6.683251 -0.100105
-1.656102 0.438367 0.081727
1.916304 -0.706116 -0.130068
-6.331208 5.906600 -0.998557
-6.185478 5.676416 -0.998355
-4.368724 -1.781613 -0.906970
-4.671230 -1.984453 -0.937328
1.160625 0.743240 0.121491
6.842734 4.161765 -0.996222
6.605808 4.171650 -0.996184
0.124506 -2.647033 0.019722
-6.961162 -1.759062 -0.905009
-0.990364 -0.743896 0.275243
-0.564719 2.506893 -0.067619
-0.444247 -1.740499 0.060773
-6.858831 2.703333 -0.981168
-3.290130 -0.679293 -0.167086
-3.237383 -0.618926 -0.118943
6.774796 -5.207177 -0.998167
6.942732 -5.871384 -0.998729
-0.029587 0.577786 0.899727
-0.403611 0.845737 0.635695
