4.031251 6.656946 -0.995719
0.956673 -6.858026 -0.455369
-4.657642 6.918336 -0.997443
6.799149 0.555457 -0.086450
-5.597029 -0.017360 0.001018
2.420776 -5.001018 -0.970108
2.327249 -3.738310 -0.961939
-6.348922 -6.718222 -0.998894
-5.661929 -6.869536 -0.998579
-0.941797 1.646341 -0.320510
6.814053 -5.146636 -0.998113
-6.941906 3.332216 -0.991524
6.920831 3.892214 -0.995226
0.811446 3.761206 -0.297459
1.360835 0.441335 0.189212
-2.492910 0.189796 0.023943
-6.916814 -2.736273 -0.982037
-6.316044 -3.255140 -0.990544
1.928399 -1.309654 -0.678879
2.166450 -1.299393 -0.696888
-0.034567 -1.522566 0.156884
-0.155122 -1.576959 0.138616
6.819732 1.882057 -0.925719
-1.549150 -6.930288 -0.851624
-2.293951 -1.307499 -0.710211
-0.147396 6.851280 -0.000018
-6.952813 0.649494 -0.150641
-6.531591 6.848861 -0.998997
-0.090231 -0.228459 0.997217
-0.459036 -0.075374 0.957455
0.756829 1.031166 0.222311
-2.687316 6.914413 -0.980749
-2.404187 6.862596 -0.970488
6.602714 -2.272326 -0.963323
6.774213 -1.894463 -0.927484
2.560472 0.300956 0.014600
2.179848 6.834723 -0.957131
2.214502 6.834589 -0.959621
0.238342 2.556784 0.019649
6.290905 6.966944 -0.998938
