-6.925650 0.235813 -0.002648
6.810712 -6.978059 -0.999114
-0.996830 -6.998572 -0.496408
6.915184 2.790032 -0.983328
-0.638386 3.239855 -0.133436
-6.923999 4.121224 -0.996111
-1.303897 0.486687 0.203912
2.975082 -6.607658 -0.986872
-3.143166 -4.585593 -0.987602
-3.767539 -6.677772 -0.994559
-6.976021 -3.496125 -0.992929
4.900854 -2.101403 -0.949489
-0.188937 -0.109191 0.998585
-0.051742 -0.442525 0.963060
-6.356118 6.475023 -0.998819
2.023126 6.545560 -0.943127
1.904678 6.776380 -0.928909
1.238469 6.807473 -0.701255
0.474107 -6.340439 -0.047476
-0.614546 -1.998879 -0.065880
-6.937275 -1.393702 -0.790054
-6.907031 -1.912684 -0.930037
6.824922 5.330543 -0.998302
6.969441 5.269259 -0.998281
0.513216 0.812810 0.631276
6.706580 0.422979 -0.030522
3.212984 -2.595377 -0.969140
3.369942 -2.660715 -0.972743
6.622214 -0.894940 -0.390269
6.736465 -0.782451 -0.272149
-6.257269 1.452734 -0.815994
-2.346451 6.934614 -0.967633
1.356895 -0.795804 -0.058465
-2.099264 -0.664589 -0.114266
-2.174121 -0.747366 -0.194956
0.880688 -3.014382 -0.363647
2.552123 0.760513 -0.227640
-1.278887 1.804918 -0.641781
-6.995669 -5.727994 -0.998655
-0.813981 6.948367 -0.304641
