1.773074 -6.798536 -0.907649
6.649242 0.571999 -0.096186
-0.488814 1.779547 0.036665
-3.549338 -6.884690 -0.993294
3.082409 6.674751 -0.988540
-6.540771 -3.361911 -0.991687
-6.928208 6.148884 -0.998867
-1.098535 -2.019925 -0.536220
-3.465882 -6.745874 -0.992635
-4.179700 6.991173 -0.996316
6.847730 2.026767 -0.943598
5.615300 -1.148911 -0.634350
-6.641249 -4.891398 -0.997742
6.780273 -2.354571 -0.968017
-6.104774 3.544478 -0.992985
-3.128009 0.501006 -0.048933
6.014811 -4.162492 -0.995917
4.888652 -6.950886 -0.997824
-6.610296 1.484832 -0.828852
1.551586 1.468688 -0.675945
-0.743631 6.822944 -0.233721
-6.927213 2.775563 -0.982995
-3.815462 6.238531 -0.994644
2.266156 -1.133537 -0.586249
-4.340395 6.776184 -0.996716
4.970325 -3.401838 -0.990952
5.523190 6.629597 -0.998409
-0.750543 -6.347148 -0.240269
6.913764 4.318314 -0.996695
-6.786949 1.315050 -0.748945
-6.925838 0.736315 -0.226731
-2.791593 2.402803 -0.954674
-6.977294 -2.226517 -0.960478
3.049015 0.724298 -0.204379
-5.766406 -5.371745 -0.997897
-3.842515 -0.309200 -0.004491
-4.307637 -0.453676 -0.037745
-6.861523 -0.957328 -0.456050
4.490387 -0.121101 0.002239
-3.404426 -2.295767 -0.957863
