-0.091126 -6.598495 0.000458
-6.749924 -1.893110 -0.927286
6.879782 4.222385 -0.996418
3.853807 6.967484 -0.995063
6.798830 -2.203993 -0.958875
-3.977887 -6.714875 -0.995530
-3.665063 -6.733701 -0.994002
0.526975 -6.869493 -0.071148
-3.969620 -6.032002 -0.995234
-0.106814 -0.726326 0.782154
-0.427063 0.143266 0.967386
5.416308 -3.663296 -0.993317
-2.641991 2.017121 -0.922924
-6.495489 6.999939 -0.999022
-4.696537 1.155202 -0.638349
3.450571 -6.635301 -0.992480
-2.075217 6.963271 -0.948414
3.672983 -6.352875 -0.993922
2.329571 -6.553578 -0.966619
1.684999 -0.689038 -0.073585
0.583196 1.003358 0.392961
6.786799 -6.207247 -0.998856
1.173253 6.998107 -0.654138
2.432153 6.567511 -0.971678
1.332702 6.702304 -0.758803
3.536132 -6.307049 -0.993013
3.591103 5.839032 -0.993163
3.077594 3.471486 -0.982138
2.863104 6.735376 -0.984851
3.108475 6.771451 -0.988928
3.534531 6.845331 -0.993178
3.180522 6.457093 -0.989747
3.179449 5.524883 -0.989237
4.495187 1.201750 -0.673483
6.293244 6.964131 -0.998938
3.790198 6.571695 -0.994642
-6.718526 4.203102 -0.996315
2.866521 6.010068 -0.984639
3.719055 3.574122 -0.988709
1.377267 -2.117522 -0.735137
