-4.663117 4.855747 -0.996094
0.669936 -6.627436 -0.167144
6.526647 -1.864782 -0.923069
1.915233 5.383196 -0.929631
-6.820610 -5.180420 -0.998152
1.396214 -6.925660 -0.791241
6.388588 6.833139 -0.998942
6.591811 6.616380 -0.998949
2.293799 6.739732 -0.964652
6.590511 -6.675285 -0.998967
-1.873350 -6.153084 -0.924206
-2.066346 -6.911304 -0.947563
-6.386530 2.938806 -0.986170
-6.439433 2.437034 -0.971850
0.342338 6.972440 -0.013126
-0.116988 6.634560 0.000329
-0.503685 0.660113 0.779952
-0.235056 0.983345 0.513746
-0.544793 -0.695014 0.729853
-0.604354 -1.287731 0.148979
-0.393326 -1.323866 0.222224
-2.071087 -1.022967 -0.471142
-2.284936 -1.441340 -0.776495
-4.179687 -6.861556 -0.996283
0.913138 0.599161 0.475717
0.137930 -1.961450 0.062923
-1.709061 0.833269 -0.220370
-2.059949 1.565414 -0.804632
0.992231 -2.558466 -0.469394
-2.781457 1.209498 -0.665099
-2.849469 -6.951020 -0.984630
-3.658997 -6.949082 -0.994023
-2.918369 -6.386065 -0.985801
-3.015915 -6.126359 -0.987348
-2.870554 6.957827 -0.985059
-3.201427 6.749722 -0.990088
3.288881 5.452010 -0.990395
-1.738878 -3.273829 -0.892777
-2.940788 -2.323560 -0.953637
-3.300047 -6.354699 -0.991026
