2.376141 4.615519 -0.967386
-6.185031 -6.921516 -0.998882
6.960452 -5.028451 -0.998012
-4.905434 0.739760 -0.228735
-6.396400 -1.939321 -0.933374
3.191245 6.906656 -0.990011
0.148895 6.999397 -0.000075
2.872479 6.989608 -0.985105
6.912624 0.722239 -0.213459
6.660195 1.492118 -0.831620
5.948300 6.654894 -0.998692
4.835404 4.787982 -0.996275
-1.861003 5.382119 -0.921855
-3.311739 6.064620 -0.991017
-0.662215 2.212374 -0.121222
0.103649 1.965315 0.062704
-1.666135 2.158273 -0.841083
0.728433 1.695686 -0.111794
-2.030301 1.882002 -0.870593
-4.001472 3.191096 -0.986563
1.640415 2.475093 -0.852705
0.992560 1.469624 -0.316001
-3.890786 5.649602 -0.994675
-0.200006 0.412626 0.970230
-1.418363 0.689512 0.013772
-1.650839 0.521393 0.049848
-3.014533 4.945264 -0.986366
-2.251577 2.660905 -0.942991
0.238804 0.205841 0.994966
-0.489456 -0.213269 0.943658
-3.399425 5.804577 -0.991687
-0.116102 -0.390389 0.977119
1.059981 0.442495 0.405088
1.207663 0.700806 0.125455
-0.979748 -0.488310 0.466651
-0.676926 -0.728951 0.606281
-3.543288 5.940772 -0.992894
3.967856 6.180883 -0.995297
-2.834981 2.795300 -0.968640
-0.086906 -1.058755 0.443096
