6.442017 1.647279 -0.879849
4.100012 -6.957151 -0.996047
-6.814282 0.377473 -0.019435
-3.913490 4.907058 -0.994033
6.701606 -2.776080 -0.982946
-4.475905 -6.838907 -0.997058
-4.274002 -6.983439 -0.996592
0.645587 -6.804302 -0.147533
0.310952 -6.772322 -0.008787
0.000528 -6.894451 0.000442
0.457574 -6.594520 -0.041468
0.390837 -6.957097 -0.022375
0.147765 -0.512166 0.935145
0.124744 -1.095908 0.409185
0.431463 -0.904574 0.565473
-2.308378 6.036014 -0.965227
-6.973382 -5.835962 -0.998716
1.049138 6.907009 -0.547383
-2.967675 6.478327 -0.986704
4.335455 6.808761 -0.996712
4.430503 6.979820 -0.996990
-6.992898 3.700584 -0.994278
-4.291938 3.036984 -0.985443
-4.882172 4.874943 -0.996475
-5.760459 6.812594 -0.998629
-4.893820 -3.087265 -0.987372
0.934222 -2.345603 -0.400397
5.937112 4.049417 -0.995491
-0.268350 -0.021559 0.994841
1.044721 4.487972 -0.541180
-0.881574 2.573904 -0.354281
0.892452 -1.178349 -0.046606
-1.848242 6.932865 -0.920635
0.659364 2.095504 -0.109665
0.695500 0.660332 0.650627
0.827395 1.528680 -0.164327
4.761397 -6.804633 -0.997592
6.761869 -0.338875 -0.012538
6.942450 -4.018368 -0.995749
-0.454493 -3.866722 -0.036469
