-0.725795 -5.449565 -0.216086
-6.663007 6.534568 -0.998945
1.655232 0.104883 0.117437
0.313666 6.821486 -0.009125
5.543212 -6.995408 -0.998525
-6.907207 -3.204198 -0.990163
6.929589 -4.655885 -0.997443
-0.857910 -2.549100 -0.328234
0.307591 -1.525809 0.146891
-5.881787 1.941206 -0.933375
2.886394 -6.712219 -0.985305
-6.171229 -6.930129 -0.998878
-3.260705 6.628442 -0.990714
6.957979 -1.371861 -0.779403
5.128172 -1.356376 -0.770490
1.515118 -0.749338 -0.080214
6.655114 0.679147 -0.174914
6.533846 1.790545 -0.910789
5.923717 4.199801 -0.995985
6.813982 4.564924 -0.997239
3.881333 4.770372 -0.993686
4.446584 6.647944 -0.996937
-3.898414 -6.768351 -0.995213
-3.832609 -6.951997 -0.994959
-1.656704 -1.495527 -0.716210
-0.588425 0.190909 0.891622
-2.868046 -1.456489 -0.803623
-3.169173 0.230974 0.006978
-4.855306 6.478991 -0.997637
2.338343 6.872960 -0.967187
3.502652 6.924919 -0.992965
3.543970 6.915372 -0.993264
-3.952526 5.113798 -0.994459
2.545576 6.935207 -0.976307
2.699019 6.423383 -0.980917
3.055084 6.499993 -0.988091
2.327812 4.747111 -0.965099
2.185075 2.370347 -0.927272
2.762746 -2.396299 -0.953690
2.784820 1.966119 -0.920922
