-0.263412 1.552987 0.141909
4.235743 -6.897682 -0.996461
-6.250893 -6.955301 -0.998918
-3.058193 2.370833 -0.958016
6.459416 0.368070 -0.017449
-1.148525 4.890886 -0.633299
-3.542148 6.872229 -0.993240
-4.331551 6.933123 -0.996735
-0.147705 2.699196 0.018015
0.844315 6.807933 -0.336484
-0.039667 2.978892 0.012538
-0.120371 2.782793 0.016192
-0.096563 3.527578 0.006330
-3.202752 1.651184 -0.872008
-4.069171 1.869010 -0.920622
-0.283043 6.191886 -0.005697
-0.369440 6.249956 -0.017633
-1.359953 1.153065 -0.412477
-2.301524 2.189403 -0.923881
-1.202740 0.709943 0.120778
-2.906968 2.118572 -0.938898
-2.525252 1.434850 -0.785110
-2.596610 1.411243 -0.777127
-2.231143 1.198413 -0.634696
-2.299690 1.008981 -0.474420
-2.749151 1.435433 -0.792156
1.642485 6.609118 -0.878672
1.858173 6.739557 -0.922127
-3.444651 2.300945 -0.958501
-2.178452 0.768457 -0.216042
-2.764537 2.751648 -0.966024
-1.459031 2.306795 -0.785112
0.671028 3.223703 -0.159399
-0.839491 0.365298 0.650656
-0.204039 0.869343 0.634739
-3.611161 2.589607 -0.972401
0.467900 1.838314 0.034775
-2.144725 0.485887 -0.007665
0.279851 1.140023 0.365776
-1.652323 3.258903 -0.872923
