3.963387 6.701137 -0.995468
-6.465001 -3.305365 -0.991120
-2.809578 -6.831474 -0.983746
6.608069 -3.672395 -0.994008
-3.710258 2.196378 -0.953551
-1.914482 -6.537784 -0.930172
-2.184226 -6.839756 -0.957457
-2.562738 -6.884717 -0.976897
-2.926688 -6.941258 -0.986123
-3.540571 -6.860932 -0.993225
-3.456197 -5.570492 -0.992003
0.070023 -6.047821 0.000723
-2.814343 -6.674482 -0.983806
-4.692425 -6.958557 -0.997515
-0.871224 -2.229408 -0.326629
-2.783826 -6.659274 -0.983114
0.342031 -2.031308 0.041976
2.117602 -6.201605 -0.951950
2.134622 -6.735494 -0.953564
-1.118155 -2.371810 -0.579227
0.107057 -1.042407 0.458432
3.972081 -6.984691 -0.995579
4.371396 -4.753792 -0.995315
-3.005837 -6.050027 -0.987152
-3.971201 -5.052867 -0.994464
-1.165579 -1.942999 -0.583032
-1.944220 -3.216708 -0.925337
-1.178620 -1.193172 -0.328290
-2.377682 -4.732001 -0.967670
-0.995965 -0.926030 0.080292
-2.196392 -3.401018 -0.951382
-2.848408 -4.363305 -0.982285
-0.059150 0.474433 0.951767
0.184552 0.764300 0.744422
-2.472227 6.791720 -0.973458
-0.626950 0.086217 0.866119
-3.449823 -6.857871 -0.992537
-1.104237 -0.404968 0.375934
-3.922046 -6.460370 -0.995218
-0.961463 0.140673 0.538827
