-6.202763 -5.932384 -0.998518
-4.945675 5.675183 -0.997368
-1.234631 2.501970 -0.674231
3.575747 -2.397142 -0.964526
-5.110554 0.337939 -0.011410
-3.130218 6.053835 -0.988947
4.139464 4.886074 -0.994854
2.673379 2.699403 -0.962313
4.310704 0.967014 -0.463620
6.951683 5.980155 -0.998791
-2.942703 4.424492 -0.984237
-4.211859 -2.900025 -0.982891
3.771082 -6.582294 -0.994547
6.145217 5.251160 -0.997986
-1.570077 -0.590310 0.033025
0.002413 -6.152830 0.000697
-6.979348 -4.622454 -0.997393
3.400262 1.344757 -0.758394
-0.395668 -2.492747 0.001323
-3.797734 4.210767 -0.992045
-3.774708 -0.199845 0.003309
5.987430 -6.365106 -0.998614
-6.581887 4.886301 -0.997716
4.254306 -6.416884 -0.996367
-4.294130 -3.340356 -0.989099
1.409054 5.933749 -0.796845
-5.170861 1.569920 -0.857250
5.275647 3.940953 -0.994582
5.334821 -3.027784 -0.987008
5.063778 5.922174 -0.997669
-3.810977 2.014973 -0.938088
-4.183451 6.867290 -0.996296
-4.755532 -4.719600 -0.996037
-0.247327 -6.486066 -0.003163
4.425794 -1.193768 -0.667461
-2.466433 -2.198489 -0.932640
2.411071 0.002070 0.028741
2.069108 1.937974 -0.882063
-3.041490 6.919152 -0.988013
-6.787144 6.372467 -0.998923
