5.327088 0.283987 -0.005222
-6.068212 -1.630523 -0.875320
2.666747 5.917260 -0.979795
6.242117 1.536985 -0.847379
4.491394 -5.261339 -0.996245
-1.142000 4.990831 -0.628136
-2.354770 0.457970 -0.010636
1.623777 6.866998 -0.873795
-6.265983 1.126472 -0.616241
-0.476917 -6.858529 -0.048737
-2.012768 2.655539 -0.922857
-1.701913 -6.356954 -0.892889
-1.631955 5.701941 -0.875492
-1.890529 -4.369205 -0.924664
-0.367726 -0.678201 0.807425
-2.517263 1.889751 -0.902990
-2.406840 -4.049150 -0.967356
-5.030432 5.220623 -0.997096
-5.095266 0.261867 -0.003199
5.475315 -3.668183 -0.993396
-2.331350 -2.114905 -0.919652
-1.925790 0.535050 -0.007970
-4.751054 -0.461626 -0.041480
0.216871 6.842517 -0.001751
0.625455 -2.835279 -0.117483
6.973176 -5.581371 -0.998548
1.931797 -5.013352 -0.931425
-5.620353 -3.860222 -0.994516
-4.909621 -2.572780 -0.975967
-6.600951 2.149215 -0.954703
-0.998522 3.506180 -0.491947
-1.623616 -5.287602 -0.872923
4.900520 6.505409 -0.997711
4.520252 6.581348 -0.997078
-3.658627 4.319373 -0.991585
-3.769065 -1.553038 -0.848385
2.773568 -1.888635 -0.910512
-4.800552 3.922971 -0.993916
5.952770 -6.938115 -0.998773
6.446706 0.020873 0.000578
