4.834593 -1.341209 -0.762092
5.348188 -4.457286 -0.996252
3.346177 -4.984874 -0.990470
2.692466 -1.654145 -0.863496
6.864065 1.027633 -0.526781
3.822341 6.343573 -0.994720
6.812706 6.347268 -0.998920
-6.379612 -0.941660 -0.439574
-0.028905 -4.017530 0.003823
-2.804777 -6.637169 -0.983583
5.614908 -4.299362 -0.996077
2.900188 -6.925545 -0.985628
4.783059 -5.714081 -0.997156
1.454701 -4.907883 -0.815735
-0.704460 5.348622 -0.196391
-2.315363 2.471534 -0.940274
1.868798 -6.958954 -0.923798
3.274170 3.617316 -0.985567
-0.900847 2.450327 -0.370081
-2.396648 -1.149134 -0.606116
3.471768 5.521773 -0.992089
2.246734 2.090204 -0.912455
4.572612 -0.340455 -0.010975
-3.309957 3.777851 -0.986852
4.822366 -2.088512 -0.948219
0.026892 -1.416821 0.198823
-1.968650 4.980904 -0.935957
5.330290 -5.210507 -0.997408
3.696427 -0.857998 -0.346135
5.783183 -0.689257 -0.183244
5.126949 -5.443460 -0.997417
-0.182253 -5.963088 -0.000312
2.518242 -1.760950 -0.881539
3.635456 4.227398 -0.991186
6.165248 1.434415 -0.808232
2.354391 5.843024 -0.967624
5.914976 -5.474405 -0.998072
1.333710 -4.023006 -0.756047
-3.875955 4.223518 -0.992456
2.521362 3.317830 -0.967669
