2.655570 -5.316421 -0.979038
4.236132 -0.088620 0.003034
-4.665316 -2.746890 -0.980632
5.469362 3.064805 -0.987677
1.082381 1.591387 -0.443622
0.624808 0.506484 0.806011
1.826681 -0.727059 -0.135991
6.968959 -6.992315 -0.999158
-2.424721 0.126796 0.027858
3.520330 -1.604460 -0.862417
5.989625 -2.758966 -0.982257
6.340001 3.684251 -0.993983
1.734617 -4.415615 -0.897908
5.734000 1.757300 -0.904167
-5.727398 -4.493883 -0.996626
1.228719 -5.074660 -0.693556
-4.337376 5.299116 -0.995916
-2.348672 3.384339 -0.960617
3.750773 -4.433211 -0.992390
-3.773407 -4.214553 -0.991932
-3.035908 -0.812483 -0.291875
-2.109489 -1.134385 -0.575412
6.666760 1.683524 -0.888789
-6.840815 0.134538 0.000129
-6.918291 -6.880928 -0.999118
-2.898000 0.761675 -0.237839
-6.877921 5.387432 -0.998368
-4.387678 -5.199562 -0.995943
-3.620112 2.006125 -0.936061
-0.306083 -1.138281 0.364601
-1.784252 6.758065 -0.909714
-0.303473 -4.592010 -0.006166
-1.429097 -1.287345 -0.539700
-4.545290 -0.939100 -0.435158
4.819866 -0.760940 -0.249242
-4.386715 5.618065 -0.996304
-1.081278 -0.876789 0.051025
4.147991 6.637065 -0.996118
-3.807031 -6.983020 -0.994842
0.877370 -6.784436 -0.371607
