-5.015905 -5.379634 -0.997230
3.339519 -5.113294 -0.990563
0.749433 -2.274782 -0.203803
4.235166 -6.002223 -0.996131
1.037584 1.518364 -0.378475
6.897136 0.957396 -0.456130
0.271520 5.617048 -0.004402
-6.926325 -3.352245 -0.991709
-0.261509 -0.912484 0.585919
-6.745811 -1.769674 -0.906992
3.883862 -5.720361 -0.994691
-0.649001 6.461839 -0.150106
-0.950440 -3.418821 -0.442077
-4.758686 -4.807301 -0.996185
-1.087242 -5.192038 -0.581499
-3.844554 -3.293203 -0.987013
-5.654459 -3.858864 -0.994533
-6.479182 -0.190394 -0.000745
-4.352558 -2.784197 -0.980852
4.765299 3.306164 -0.989764
-0.170945 -1.024720 0.474747
0.928627 -6.249969 -0.425833
4.017657 -4.552366 -0.993854
-6.928250 -3.476777 -0.992769
-6.016001 2.081330 -0.948644
-1.235130 -3.298066 -0.691074
2.055186 -1.026043 -0.472610
-0.615303 0.736852 0.646956
0.784849 -3.095184 -0.264290
4.617969 2.645615 -0.977802
-1.743905 -4.788223 -0.900530
0.769060 -0.203020 0.739146
1.078774 -3.490006 -0.568553
1.862685 2.761135 -0.906388
-6.122608 5.655889 -0.998313
-2.068795 4.213223 -0.945070
3.622247 3.569823 -0.988105
-3.799111 0.781015 -0.266402
-2.796277 -6.411168 -0.983316
-0.564228 6.867235 -0.091573
