1.308336 -2.418748 -0.717164
-6.571555 -5.772904 -0.998565
6.999541 -0.517802 -0.066650
1.557543 0.173510 0.144334
4.988992 -6.732806 -0.997902
-5.576261 1.971382 -0.936869
-2.264747 -3.533178 -0.957004
-2.375798 1.181333 -0.630303
6.264578 1.678451 -0.887452
-3.038784 5.699726 -0.987462
-3.437071 -6.994293 -0.992468
-5.092049 -1.661726 -0.882572
-4.183557 -2.555544 -0.973837
4.493720 4.800557 -0.995674
1.413868 -6.815839 -0.799381
-6.308773 -5.969574 -0.998582
1.635349 5.141531 -0.875905
4.824308 0.564151 -0.090134
6.298374 3.122409 -0.988954
0.997615 1.853120 -0.419443
-2.780910 -5.625630 -0.982557
-4.986384 4.752446 -0.996429
5.627668 -5.884745 -0.998171
6.008692 5.886269 -0.998401
6.078890 4.996704 -0.997667
-5.063135 -4.617871 -0.996286
-0.145279 -0.622363 0.869098
1.431461 -3.409530 -0.800300
-0.290410 -0.208710 0.991043
3.460707 -5.994333 -0.992303
5.715414 4.267670 -0.996058
-1.121677 -4.588421 -0.610597
-5.888722 -3.858911 -0.994680
5.752070 -4.348818 -0.996299
2.525944 1.833769 -0.894775
3.752267 1.151382 -0.632324
-2.391485 2.051956 -0.916940
-5.097692 5.467953 -0.997404
-3.348962 1.190218 -0.659534
-5.866916 1.527090 -0.843835
