4.159143 6.938847 -0.996238
-0.218168 -6.767215 -0.001784
-6.741038 -3.777661 -0.994630
2.845073 6.694473 -0.984469
-3.893251 -2.923077 -0.982154
0.373455 6.728604 -0.018593
6.972847 5.357493 -0.998365
-5.960865 5.653827 -0.998231
5.629708 5.478249 -0.997896
-2.339774 -5.528978 -0.966642
-0.780831 -6.992792 -0.270576
5.440751 4.626791 -0.996683
-3.251058 -4.671999 -0.989033
-3.953174 3.019846 -0.984041
-3.965866 -2.174220 -0.953141
2.023649 -1.286974 -0.676585
-0.255475 0.843073 0.660123
2.866264 1.506314 -0.822753
6.609637 3.795735 -0.994682
-3.083496 5.687198 -0.988104
2.942712 -4.299024 -0.983921
-5.311024 1.087471 -0.581822
-3.488074 1.111441 -0.597403
1.309804 5.238909 -0.745076
0.779132 -0.627644 0.596385
-2.255789 2.420986 -0.934531
-4.436531 3.393005 -0.989937
6.935209 0.128892 0.000156
6.318070 -5.637636 -0.998384
6.040855 4.870666 -0.997476
5.611237 -2.674785 -0.979830
1.199702 4.879384 -0.672669
6.709033 0.707151 -0.199547
-5.758163 0.920070 -0.416549
3.421536 -4.454401 -0.990223
5.702802 1.552675 -0.852255
4.899291 5.406099 -0.997098
2.382746 -4.566218 -0.967615
5.778510 3.827784 -0.994467
4.893396 3.791953 -0.993446
