-0.698337 -3.322972 -0.183997
-4.726640 4.882112 -0.996243
-4.548926 3.209389 -0.988332
-1.022562 -1.477685 -0.348923
-0.480952 5.891585 -0.049960
-5.513705 -2.809364 -0.983119
-4.774995 0.418383 -0.027810
-3.126527 5.402291 -0.988470
-6.006958 0.725926 -0.216574
-3.970793 1.492400 -0.828228
-1.837110 -6.214044 -0.918622
0.308319 6.755650 -0.008476
5.792709 3.081633 -0.988146
-2.155995 -6.065834 -0.955027
0.227853 -5.315423 -0.001437
1.562952 6.948235 -0.856045
-0.102085 -5.486052 0.000994
0.059638 0.253024 0.995905
-4.512012 6.193518 -0.996914
1.607618 -1.108878 -0.471681
-3.928197 6.964614 -0.995393
-3.371974 -3.431125 -0.985161
-4.876223 -0.435332 -0.032905
-2.490158 -4.580750 -0.972386
0.882601 -4.811751 -0.375790
-4.902301 0.658294 -0.156374
2.031322 -1.771633 -0.852370
4.216874 -3.528625 -0.990438
4.545879 4.230425 -0.994551
4.545990 -2.931172 -0.984298
-0.956827 -1.350312 -0.224745
-2.573569 -4.120717 -0.974256
-0.279791 -1.240142 0.291060
6.955835 -4.680495 -0.997494
1.997256 -3.296735 -0.932477
6.227168 -6.134485 -0.998630
1.528563 1.246609 -0.552360
-4.629460 1.595935 -0.864267
1.314092 5.526578 -0.747797
2.740327 -5.320416 -0.981329
