0 93.521873
1 538.942025
2 197.870960
3 198.641098
4 171.010389
5 92.906061
6 163.339805
7 196.501572
8 123.000769
9 104.727867
10 93.291749
11 110.486067
12 120.445560
13 142.385053
14 162.570387
15 114.968427
16 106.408413
17 112.851952
18 115.085371
19 170.901862
20 121.149141
21 126.964561
22 136.164194
23 129.235120
24 151.254328
25 124.046101
26 184.142812
27 129.430290
28 117.563507
29 173.037717
30 202.816131
31 141.652670
32 163.582840
33 270.985211
34 320.586299
35 309.337815
36 241.223026
37 331.513967
38 266.479410
39 349.656632
