0 93.521873
1 538.942025
2 197.870960
3 198.641098
4 478.829088
5 232.265152
6 373.348125
7 417.565841
8 246.001538
9 198.982948
10 169.621362
11 193.350617
12 203.830947
13 233.918301
14 260.112619
15 244.307907
16 275.410010
17 282.129881
18 278.627740
19 478.525212
20 328.833383
21 334.724751
22 349.290760
23 323.087800
24 369.060560
25 295.802241
26 429.666562
27 295.840662
28 263.504413
29 380.682976
30 438.344540
31 301.011925
32 342.036847
33 557.910728
34 650.332207
35 618.675631
36 475.926511
37 645.579830
38 512.460403
39 664.347601
