-0.104393 0.096752 0.370135
-0.294456 -0.099134 0.000000
-0.103082 -0.099720 0.352278
-0.259562 0.099956 0.174929
-0.111435 0.099499 0.308058
-0.105470 -0.091425 0.600083
-0.116554 -0.092577 0.390000
-0.288970 0.098924 0.136015
-0.285505 0.096942 0.186011
-0.240093 -0.097273 0.000000
-0.266526 0.077070 1.630030
-0.282500 0.098914 0.326497
-0.297278 0.097002 0.000000
-0.106345 -0.099820 0.501199
-0.299826 0.099935 0.000000
-0.106262 -0.097629 0.367967
-0.299507 0.093254 0.575847
-0.104065 -0.037588 0.400125
-0.296340 0.003072 0.000000
-0.298274 0.098848 0.000000
-0.298126 0.098188 0.000000
-0.109419 -0.095112 0.210950
-0.299534 -0.037713 0.000000
-0.114288 0.099922 0.382884
-0.105733 -0.025626 0.600000
-0.294995 0.098511 0.070711
-0.102369 -0.016870 0.351141
-0.299981 0.089213 0.000000
-0.113678 -0.098237 0.379473
-0.296841 0.093851 -1.000000
-0.102342 -0.081679 0.350143
-0.101788 -0.098878 0.339559
-0.103860 -0.098214 0.486004
-0.108571 -0.099184 0.266271
-0.292796 0.098422 0.092195
-0.297974 0.097209 0.000000
-0.100810 -0.097750 0.310161
-0.104746 -0.096683 0.444185
-0.294787 0.096384 0.635610
-0.297320 0.096188 0.000000
