0 92.535337
1 92.978534
2 321.677849
3 144.851991
4 128.089329
5 116.280942
6 146.788126
7 210.459717
8 528.772130
9 674.364462
10 230.045879
11 378.673139
12 397.068667
13 310.739001
14 229.157934
15 242.291472
16 211.601507
17 198.939489
18 217.082948
19 203.199579
20 165.054521
21 179.057310
22 122.114114
23 151.893740
24 181.146377
25 232.228747
26 254.390092
27 235.714216
28 296.592624
29 194.394479
30 193.222038
31 165.102298
32 105.917881
33 144.998563
34 165.819001
35 114.944313
36 99.274969
37 123.870644
38 132.309486
39 130.939788
