-0.300000 -0.100000 -0.600000
-0.300000 -0.093333 -0.400000
-0.300000 -0.086667 -0.600000
-0.300000 -0.080000 -0.400000
-0.300000 -0.073333 -0.400000
-0.300000 -0.066667 -0.500000
-0.300000 -0.060000 -0.200000
-0.300000 -0.053333 -0.400000
-0.300000 -0.046667 -0.600000
-0.300000 -0.040000 -0.169735
-0.300000 -0.033333 -0.800000
-0.300000 -0.026667 -0.191754
-0.300000 -0.020000 0.043681
-0.300000 -0.013333 2.163340
-0.300000 -0.006667 -0.400000
-0.300000 -0.000000 -0.400000
-0.300000 0.006667 -0.376591
-0.300000 0.013333 -0.400000
-0.300000 0.020000 -0.225000
-0.300000 0.026667 -0.750000
-0.300000 0.033333 -0.750000
-0.300000 0.040000 -0.701717
-0.300000 0.046667 -0.440472
-0.300000 0.053333 -0.500000
-0.300000 0.060000 0.038161
-0.300000 0.066667 -0.333333
-0.300000 0.073333 -0.161878
-0.300000 0.080000 -0.334086
-0.300000 0.086667 -0.500000
-0.300000 0.093333 -0.200000
-0.300000 0.100000 -0.500000
-0.293333 -0.100000 0.084984
-0.293333 -0.093333 0.000000
-0.293333 -0.086667 -0.200000
-0.293333 -0.080000 -0.200000
-0.293333 -0.073333 -0.400000
-0.293333 -0.066667 0.000000
-0.293333 -0.060000 -0.200000
-0.293333 -0.053333 -0.250000
-0.293333 -0.046667 -0.200000
-0.293333 -0.040000 -0.200000
-0.293333 -0.033333 0.000000
-0.293333 -0.026667 -0.400000
-0.293333 -0.020000 0.000000
-0.293333 -0.013333 0.000000
-0.293333 -0.006667 -0.400000
-0.293333 -0.000000 0.000000
-0.293333 0.006667 -0.400000
-0.293333 0.013333 -0.183508
-0.293333 0.020000 -0.233992
-0.293333 0.026667 0.110379
-0.293333 0.033333 0.120208
-0.293333 0.040000 -0.095165
-0.293333 0.046667 -0.615895
-0.293333 0.053333 -0.459962
-0.293333 0.060000 -0.666667
-0.293333 0.066667 0.000000
-0.293333 0.073333 -0.305049
-0.293333 0.080000 -1.000000
-0.293333 0.086667 -0.422218
-0.293333 0.093333 -1.000000
-0.293333 0.100000 -1.000000
-0.286667 -0.100000 0.000000
-0.286667 -0.093333 0.000000
-0.286667 -0.086667 0.000000
-0.286667 -0.080000 -0.500000
-0.286667 -0.060000 0.000000
-0.286667 -0.046667 0.000000
-0.286667 -0.040000 -0.500000
-0.286667 -0.033333 -0.339922
-0.286667 -0.026667 -0.298532
-0.286667 -0.020000 -0.333333
-0.286667 -0.013333 -0.221716
-0.286667 -0.006667 -0.186225
-0.286667 -0.000000 0.422200
-0.286667 0.006667 -0.358402
-0.286667 0.013333 -0.147098
-0.286667 0.020000 -0.203167
-0.286667 0.026667 -0.046498
-0.286667 0.033333 1.035142
-0.286667 0.040000 0.123491
-0.286667 0.046667 0.261287
-0.286667 0.053333 1.125525
-0.286667 0.060000 -0.216018
-0.286667 0.066667 0.277002
-0.286667 0.073333 0.018406
-0.286667 0.080000 -0.111325
-0.286667 0.086667 0.155848
-0.286667 0.093333 -0.364180
-0.286667 0.100000 -0.462975
-0.280000 -0.100000 -0.200000
-0.280000 -0.093333 -0.333333
-0.280000 -0.086667 -0.333333
-0.280000 -0.080000 3.605567
-0.280000 -0.073333 -0.250000
-0.280000 -0.066667 0.000000
-0.280000 -0.060000 0.000000
-0.280000 -0.053333 0.000000
-0.280000 -0.046667 0.000000
-0.280000 -0.040000 0.000000
-0.280000 -0.033333 -0.250000
-0.280000 -0.026667 1.769985
-0.280000 -0.020000 1.188084
-0.280000 -0.013333 1.660487
-0.280000 -0.006667 1.695727
-0.280000 -0.000000 1.732205
-0.280000 0.006667 1.708990
-0.280000 0.013333 1.768190
-0.280000 0.020000 1.754383
-0.280000 0.026667 0.879050
-0.280000 0.033333 1.766650
-0.280000 0.040000 1.846187
-0.280000 0.046667 1.826760
-0.280000 0.053333 1.680255
-0.280000 0.060000 1.744280
-0.280000 0.066667 1.864960
-0.280000 0.073333 1.560665
-0.280000 0.080000 1.234810
-0.280000 0.086667 0.882956
-0.280000 0.093333 0.228893
-0.280000 0.100000 0.323041
-0.273333 -0.100000 0.000000
-0.273333 -0.093333 0.000000
-0.273333 -0.086667 0.000000
-0.273333 -0.080000 0.000000
-0.273333 -0.073333 -0.333333
-0.273333 -0.066667 0.000000
-0.273333 -0.060000 0.000000
-0.273333 -0.053333 0.000000
-0.273333 -0.046667 -0.500000
-0.273333 -0.040000 0.020616
-0.273333 -0.033333 1.538505
-0.273333 -0.026667 1.501180
-0.273333 -0.020000 1.471920
-0.273333 -0.013333 0.668250
-0.273333 -0.006667 1.469730
-0.273333 -0.000000 1.543900
-0.273333 0.006667 1.531795
-0.273333 0.013333 1.516340
-0.273333 0.020000 1.529227
-0.273333 0.026667 1.285024
-0.273333 0.033333 1.518385
-0.273333 0.040000 1.570055
-0.273333 0.046667 1.902290
-0.273333 0.053333 1.577970
-0.273333 0.060000 0.755157
-0.273333 0.066667 2.366875
-0.273333 0.073333 1.056637
-0.273333 0.080000 0.224430
-0.273333 0.086667 1.380263
-0.273333 0.093333 0.495058
-0.273333 0.100000 0.250486
-0.266667 -0.100000 0.000000
-0.266667 -0.093333 0.000000
-0.266667 -0.086667 0.000000
-0.266667 -0.080000 0.000000
-0.266667 -0.073333 0.000000
-0.266667 -0.066667 0.000000
-0.266667 -0.060000 0.000000
-0.266667 -0.053333 0.000000
-0.266667 -0.046667 0.000000
-0.266667 -0.040000 0.549267
-0.266667 -0.033333 1.464235
-0.266667 -0.026667 0.646200
-0.266667 -0.020000 1.568675
-0.266667 -0.013333 0.735103
-0.266667 -0.006667 1.565977
-0.266667 -0.000000 1.598745
-0.266667 0.006667 1.576633
-0.266667 0.013333 2.018780
-0.266667 0.020000 1.632633
-0.266667 0.026667 1.638620
-0.266667 0.033333 1.655150
-0.266667 0.040000 1.779283
-0.266667 0.046667 1.662687
-0.266667 0.053333 1.560040
-0.266667 0.060000 0.803383
-0.266667 0.066667 1.663295
-0.266667 0.073333 1.656845
-0.266667 0.080000 1.553975
-0.266667 0.086667 1.125834
-0.266667 0.093333 1.274480
-0.266667 0.100000 0.113599
-0.260000 -0.100000 0.000000
-0.260000 -0.093333 0.000000
-0.260000 -0.086667 0.000000
-0.260000 -0.080000 -0.250000
-0.260000 -0.073333 -0.250000
-0.260000 -0.066667 0.000000
-0.260000 -0.060000 0.000000
-0.260000 -0.053333 0.000000
-0.260000 -0.046667 0.314663
-0.260000 -0.040000 0.418195
-0.260000 -0.033333 0.221480
-0.260000 -0.026667 0.670455
-0.260000 -0.020000 1.896977
-0.260000 -0.013333 0.945163
-0.260000 -0.006667 1.604565
-0.260000 -0.000000 0.954457
-0.260000 0.006667 1.216550
-0.260000 0.013333 1.366858
-0.260000 0.020000 1.102330
-0.260000 0.026667 1.086832
-0.260000 0.033333 1.114230
-0.260000 0.040000 1.119574
-0.260000 0.046667 1.134996
-0.260000 0.053333 1.132180
-0.260000 0.060000 0.563036
-0.260000 0.066667 1.920518
-0.260000 0.073333 1.335190
-0.260000 0.080000 1.715686
-0.260000 0.086667 0.934526
-0.260000 0.093333 0.581597
-0.260000 0.100000 0.738670
-0.253333 -0.100000 -0.200000
-0.253333 -0.093333 -0.200000
-0.253333 -0.086667 -0.200000
-0.253333 -0.080000 -0.400000
-0.253333 -0.073333 -0.200000
-0.253333 -0.066667 -0.400000
-0.253333 -0.060000 -0.400000
-0.253333 -0.053333 -0.400000
-0.253333 -0.046667 0.281420
-0.253333 -0.040000 0.328386
-0.253333 -0.033333 0.433328
-0.253333 -0.026667 0.197768
-0.253333 -0.020000 0.671320
-0.253333 -0.013333 0.678102
-0.253333 -0.006667 0.975168
-0.253333 -0.000000 0.940860
-0.253333 0.006667 0.990048
-0.253333 0.013333 1.018418
-0.253333 0.020000 1.417784
-0.253333 0.026667 0.910658
-0.253333 0.033333 1.018612
-0.253333 0.040000 1.219564
-0.253333 0.046667 0.923154
-0.253333 0.053333 0.956524
-0.253333 0.060000 1.006208
-0.253333 0.066667 0.942650
-0.253333 0.073333 1.195368
-0.253333 0.080000 0.937238
-0.253333 0.086667 0.527010
-0.253333 0.093333 0.700900
-0.253333 0.100000 0.656096
-0.246667 -0.100000 -0.600000
-0.246667 -0.093333 0.054037
-0.246667 -0.086667 0.000000
-0.246667 -0.080000 -0.400000
-0.246667 -0.073333 -0.400000
-0.246667 -0.066667 -0.200000
-0.246667 -0.060000 -0.200000
-0.246667 -0.053333 -0.200000
-0.246667 -0.046667 -0.173726
-0.246667 -0.040000 0.319250
-0.246667 -0.033333 0.577732
-0.246667 -0.026667 0.159436
-0.246667 -0.020000 1.197809
-0.246667 -0.013333 0.744292
-0.246667 -0.006667 0.736378
-0.246667 -0.000000 1.029884
-0.246667 0.006667 1.227964
-0.246667 0.013333 1.318698
-0.246667 0.020000 0.483540
-0.246667 0.026667 1.136538
-0.246667 0.033333 0.518404
-0.246667 0.040000 0.760630
-0.246667 0.046667 1.697465
-0.246667 0.053333 0.796514
-0.246667 0.060000 1.960657
-0.246667 0.066667 1.379780
-0.246667 0.073333 1.191356
-0.246667 0.080000 1.151898
-0.246667 0.086667 0.677582
-0.246667 0.093333 1.154069
-0.246667 0.100000 1.022404
-0.240000 -0.100000 0.000000
-0.240000 -0.093333 -0.200000
-0.240000 -0.086667 0.000000
-0.240000 -0.080000 0.000000
-0.240000 -0.073333 0.154042
-0.240000 -0.066667 -0.200000
-0.240000 -0.060000 0.000000
-0.240000 -0.053333 0.000000
-0.240000 -0.046667 0.037197
-0.240000 -0.040000 1.156764
-0.240000 -0.033333 0.336394
-0.240000 -0.026667 1.274368
-0.240000 -0.020000 1.815058
-0.240000 -0.013333 1.403442
-0.240000 -0.006667 1.960048
-0.240000 -0.000000 1.323724
-0.240000 0.006667 1.132720
-0.240000 0.013333 2.919062
-0.240000 0.020000 2.200656
-0.240000 0.026667 2.200190
-0.240000 0.033333 2.230366
-0.240000 0.040000 2.828292
-0.240000 0.046667 2.480200
-0.240000 0.053333 1.674062
-0.240000 0.060000 3.126776
-0.240000 0.066667 3.120122
-0.240000 0.073333 3.155720
-0.240000 0.080000 2.292576
-0.240000 0.086667 1.406080
-0.240000 0.093333 1.644757
-0.240000 0.100000 0.915389
-0.233333 -0.100000 0.000000
-0.233333 -0.093333 -0.200000
-0.233333 -0.086667 -0.600000
-0.233333 -0.080000 -0.107350
-0.233333 -0.073333 0.000000
-0.233333 -0.066667 -0.200000
-0.233333 -0.060000 -0.200000
-0.233333 -0.053333 0.000000
-0.233333 -0.046667 0.876254
-0.233333 -0.040000 0.732936
-0.233333 -0.033333 0.718806
-0.233333 -0.026667 1.817986
-0.233333 -0.020000 2.659840
-0.233333 -0.013333 1.311510
-0.233333 -0.006667 -0.010152
-0.233333 -0.000000 1.308106
-0.233333 0.006667 1.801026
-0.233333 0.013333 0.728178
-0.233333 0.020000 2.104724
-0.233333 0.026667 2.580505
-0.233333 0.033333 1.328754
-0.233333 0.040000 1.564166
-0.233333 0.046667 1.820640
-0.233333 0.053333 2.206178
-0.233333 0.060000 1.406230
-0.233333 0.066667 2.199932
-0.233333 0.073333 0.909847
-0.233333 0.080000 2.204684
-0.233333 0.086667 1.284104
-0.233333 0.093333 1.637754
-0.233333 0.100000 1.336528
-0.226667 -0.100000 -0.200000
-0.226667 -0.093333 0.000000
-0.226667 -0.086667 0.000000
-0.226667 -0.080000 -0.200000
-0.226667 -0.073333 0.000000
-0.226667 -0.066667 -0.200000
-0.226667 -0.060000 -0.200000
-0.226667 -0.053333 -0.185578
-0.226667 -0.046667 0.014586
-0.226667 -0.040000 1.094354
-0.226667 -0.033333 1.349264
-0.226667 -0.026667 1.575770
-0.226667 -0.020000 2.589972
-0.226667 -0.013333 1.800582
-0.226667 -0.006667 1.489666
-0.226667 -0.000000 1.217906
-0.226667 0.006667 1.211892
-0.226667 0.013333 1.407472
-0.226667 0.020000 0.337033
-0.226667 0.026667 2.834720
-0.226667 0.033333 2.070064
-0.226667 0.040000 2.319592
-0.226667 0.046667 2.113526
-0.226667 0.053333 2.921414
-0.226667 0.060000 3.034827
-0.226667 0.066667 1.230492
-0.226667 0.073333 1.031185
-0.226667 0.080000 2.005140
-0.226667 0.086667 2.267198
-0.226667 0.093333 0.712213
-0.226667 0.100000 1.521815
-0.220000 -0.100000 0.027500
-0.220000 -0.093333 -0.244410
-0.220000 -0.086667 -0.250000
-0.220000 -0.080000 -0.250000
-0.220000 -0.073333 0.000000
-0.220000 -0.066667 -0.250000
-0.220000 -0.060000 -0.250000
-0.220000 -0.053333 0.000000
-0.220000 -0.046667 0.017728
-0.220000 -0.040000 1.523003
-0.220000 -0.033333 1.901947
-0.220000 -0.026667 2.350198
-0.220000 -0.020000 0.748223
-0.220000 -0.013333 2.085819
-0.220000 -0.006667 2.810180
-0.220000 -0.000000 2.404597
-0.220000 0.006667 1.565962
-0.220000 0.013333 0.187806
-0.220000 0.020000 1.040862
-0.220000 0.026667 1.559170
-0.220000 0.033333 2.166550
-0.220000 0.040000 2.865642
-0.220000 0.046667 1.684863
-0.220000 0.053333 3.123730
-0.220000 0.060000 2.502372
-0.220000 0.066667 2.134533
-0.220000 0.073333 3.155706
-0.220000 0.080000 2.028260
-0.220000 0.086667 2.782233
-0.220000 0.093333 1.369463
-0.220000 0.100000 0.334140
-0.213333 -0.100000 -0.250000
-0.213333 -0.093333 0.000000
-0.213333 -0.086667 -0.250000
-0.213333 -0.080000 0.062195
-0.213333 -0.073333 0.000000
-0.213333 -0.066667 0.002500
-0.213333 -0.060000 -0.250000
-0.213333 -0.053333 0.016771
-0.213333 -0.046667 0.031803
-0.213333 -0.040000 1.002042
-0.213333 -0.033333 2.032087
-0.213333 -0.026667 2.270115
-0.213333 -0.020000 0.117170
-0.213333 -0.013333 1.829920
-0.213333 -0.006667 2.062248
-0.213333 -0.000000 1.887682
-0.213333 0.006667 1.651628
-0.213333 0.013333 2.493505
-0.213333 0.020000 1.866707
-0.213333 0.026667 1.285456
-0.213333 0.033333 1.501328
-0.213333 0.040000 2.184394
-0.213333 0.046667 1.985610
-0.213333 0.053333 3.595580
-0.213333 0.060000 2.548810
-0.213333 0.066667 2.699556
-0.213333 0.073333 2.310788
-0.213333 0.080000 3.087828
-0.213333 0.086667 2.750106
-0.213333 0.093333 1.413458
-0.213333 0.100000 0.052112
-0.206667 -0.100000 0.000000
-0.206667 -0.093333 -0.191754
-0.206667 -0.086667 0.000000
-0.206667 -0.080000 -0.398000
-0.206667 -0.073333 -0.200000
-0.206667 -0.066667 0.271630
-0.206667 -0.060000 -0.200000
-0.206667 -0.053333 -0.198000
-0.206667 -0.046667 -0.122409
-0.206667 -0.040000 1.322620
-0.206667 -0.033333 0.848900
-0.206667 -0.026667 1.768782
-0.206667 -0.020000 1.329766
-0.206667 -0.013333 1.877182
-0.206667 -0.006667 2.283220
-0.206667 -0.000000 2.279035
-0.206667 0.006667 2.372700
-0.206667 0.013333 2.961462
-0.206667 0.020000 1.868018
-0.206667 0.026667 1.203408
-0.206667 0.033333 1.470610
-0.206667 0.040000 0.849520
-0.206667 0.046667 1.716700
-0.206667 0.053333 1.751958
-0.206667 0.060000 1.341743
-0.206667 0.066667 1.933393
-0.206667 0.073333 1.971735
-0.206667 0.080000 2.581470
-0.206667 0.086667 2.646117
-0.206667 0.093333 0.632020
-0.206667 0.100000 -0.750000
-0.200000 -0.100000 0.020713
-0.200000 -0.093333 0.002000
-0.200000 -0.086667 -0.222922
-0.200000 -0.080000 0.015811
-0.200000 -0.073333 -0.250000
-0.200000 -0.066667 -0.240874
-0.200000 -0.060000 -0.234594
-0.200000 -0.053333 -0.227094
-0.200000 -0.046667 -0.237339
-0.200000 -0.040000 0.335469
-0.200000 -0.033333 0.568225
-0.200000 -0.026667 1.125575
-0.200000 -0.020000 1.244987
-0.200000 -0.013333 1.450808
-0.200000 -0.006667 1.619882
-0.200000 -0.000000 2.288768
-0.200000 0.006667 0.298173
-0.200000 0.013333 -1.000000
-0.200000 0.020000 1.086223
-0.200000 0.026667 1.098853
-0.200000 0.033333 2.346440
-0.200000 0.040000 1.702480
-0.200000 0.046667 2.335362
-0.200000 0.053333 3.208186
-0.200000 0.060000 2.214564
-0.200000 0.066667 2.848904
-0.200000 0.073333 2.749770
-0.200000 0.080000 0.770963
-0.200000 0.086667 1.673860
-0.200000 0.093333 1.005252
-0.200000 0.100000 0.796146
-0.193333 -0.100000 -0.161144
-0.193333 -0.093333 -0.175261
-0.193333 -0.086667 -0.176554
-0.193333 -0.080000 -0.377183
-0.193333 -0.073333 -0.165063
-0.193333 -0.066667 0.032039
-0.193333 -0.060000 0.035466
-0.193333 -0.053333 0.033142
-0.193333 -0.046667 -0.084839
-0.193333 -0.040000 0.038276
-0.193333 -0.033333 1.319705
-0.193333 -0.026667 2.217210
-0.193333 -0.020000 1.537860
-0.193333 -0.013333 2.447562
-0.193333 -0.006667 1.323204
-0.193333 -0.000000 2.246096
-0.193333 0.006667 2.486460
-0.193333 0.013333 2.116075
-0.193333 0.020000 2.295904
-0.193333 0.026667 2.223506
-0.193333 0.033333 2.426862
-0.193333 0.040000 3.203896
-0.193333 0.046667 1.581432
-0.193333 0.053333 1.521132
-0.193333 0.060000 1.439818
-0.193333 0.066667 3.294312
-0.193333 0.073333 2.310192
-0.193333 0.080000 1.704212
-0.193333 0.086667 1.312504
-0.193333 0.093333 1.583958
-0.193333 0.100000 0.324030
-0.186667 -0.100000 -0.161089
-0.186667 -0.093333 0.515352
-0.186667 -0.086667 -0.161114
-0.186667 -0.080000 0.045181
-0.186667 -0.073333 -0.173310
-0.186667 -0.066667 -0.166955
-0.186667 -0.060000 -0.150506
-0.186667 -0.053333 0.037211
-0.186667 -0.046667 -0.581556
-0.186667 -0.040000 -0.163342
-0.186667 -0.033333 1.236122
-0.186667 -0.026667 1.940149
-0.186667 -0.020000 1.780624
-0.186667 -0.013333 2.051166
-0.186667 -0.006667 1.746740
-0.186667 -0.000000 2.150167
-0.186667 0.006667 2.906132
-0.186667 0.013333 2.708348
-0.186667 0.020000 3.312536
-0.186667 0.026667 -0.365864
-0.186667 0.033333 1.976898
-0.186667 0.040000 2.056722
-0.186667 0.046667 2.478548
-0.186667 0.053333 1.923540
-0.186667 0.060000 1.621402
-0.186667 0.066667 3.604422
-0.186667 0.073333 1.560800
-0.186667 0.080000 2.295558
-0.186667 0.086667 0.776056
-0.186667 0.093333 2.046784
-0.186667 0.100000 1.212892
-0.180000 -0.100000 -0.155471
-0.180000 -0.093333 -0.367414
-0.180000 -0.086667 -0.163020
-0.180000 -0.080000 0.047117
-0.180000 -0.073333 0.052973
-0.180000 -0.066667 -0.157240
-0.180000 -0.060000 -0.161144
-0.180000 -0.053333 -0.163096
-0.180000 -0.046667 -0.371358
-0.180000 -0.040000 0.035548
-0.180000 -0.033333 0.987665
-0.180000 -0.026667 1.468072
-0.180000 -0.020000 1.200534
-0.180000 -0.013333 1.594137
-0.180000 -0.006667 2.407898
-0.180000 -0.000000 2.835922
-0.180000 0.006667 2.176058
-0.180000 0.013333 4.689080
-0.180000 0.020000 3.498380
-0.180000 0.026667 2.235028
-0.180000 0.033333 3.525710
-0.180000 0.040000 3.453648
-0.180000 0.046667 3.000900
-0.180000 0.053333 2.982162
-0.180000 0.060000 4.915940
-0.180000 0.066667 1.952360
-0.180000 0.073333 2.752147
-0.180000 0.080000 3.161313
-0.180000 0.086667 3.366025
-0.180000 0.093333 3.560454
-0.180000 0.100000 1.244258
-0.173333 -0.100000 -0.476887
-0.173333 -0.093333 0.067426
-0.173333 -0.086667 0.326863
-0.173333 -0.080000 -0.732322
-0.173333 -0.073333 -0.151471
-0.173333 -0.066667 -0.155273
-0.173333 -0.060000 0.049100
-0.173333 -0.053333 -0.209298
-0.173333 -0.046667 0.038243
-0.173333 -0.040000 -0.217252
-0.173333 -0.033333 1.190580
-0.173333 -0.026667 0.620097
-0.173333 -0.020000 1.136385
-0.173333 -0.013333 1.363415
-0.173333 -0.006667 1.550050
-0.173333 -0.000000 2.022280
-0.173333 0.006667 4.387585
-0.173333 0.013333 5.176354
-0.173333 0.020000 4.769712
-0.173333 0.026667 3.631795
-0.173333 0.033333 3.926770
-0.173333 0.040000 3.365360
-0.173333 0.046667 3.545828
-0.173333 0.053333 3.592318
-0.173333 0.060000 2.630230
-0.173333 0.066667 1.411344
-0.173333 0.073333 3.022133
-0.173333 0.080000 3.799632
-0.173333 0.086667 3.746643
-0.173333 0.093333 2.332880
-0.173333 0.100000 2.924310
-0.166667 -0.100000 -0.464033
-0.166667 -0.093333 -0.194477
-0.166667 -0.086667 -0.286430
-0.166667 -0.080000 0.066763
-0.166667 -0.073333 -0.201897
-0.166667 -0.066667 -0.204379
-0.166667 -0.060000 0.065769
-0.166667 -0.053333 0.068247
-0.166667 -0.046667 -0.289763
-0.166667 -0.040000 0.406654
-0.166667 -0.033333 0.771035
-0.166667 -0.026667 2.008545
-0.166667 -0.020000 1.722343
-0.166667 -0.013333 0.800173
-0.166667 -0.006667 1.996787
-0.166667 -0.000000 0.662338
-0.166667 0.006667 2.803983
-0.166667 0.013333 5.161717
-0.166667 0.020000 3.160157
-0.166667 0.026667 2.132687
-0.166667 0.033333 5.298363
-0.166667 0.040000 2.130517
-0.166667 0.046667 1.700752
-0.166667 0.053333 3.076435
-0.166667 0.060000 3.453150
-0.166667 0.066667 3.123927
-0.166667 0.073333 4.471893
-0.166667 0.080000 5.154167
-0.166667 0.086667 3.645580
-0.166667 0.093333 2.748473
-0.166667 0.100000 1.634287
-0.160000 -0.100000 -0.453234
-0.160000 -0.093333 -0.636482
-0.160000 -0.086667 0.077335
-0.160000 -0.080000 1.050885
-0.160000 -0.073333 -0.464645
-0.160000 -0.066667 0.056943
-0.160000 -0.060000 -0.202293
-0.160000 -0.053333 -0.286183
-0.160000 -0.046667 0.059132
-0.160000 -0.040000 0.394491
-0.160000 -0.033333 1.123321
-0.160000 -0.026667 0.744025
-0.160000 -0.020000 0.901444
-0.160000 -0.013333 1.482735
-0.160000 -0.006667 2.097600
-0.160000 -0.000000 2.594575
-0.160000 0.006667 1.944667
-0.160000 0.013333 4.105795
-0.160000 0.020000 4.922655
-0.160000 0.026667 3.852247
-0.160000 0.033333 3.872227
-0.160000 0.040000 4.984040
-0.160000 0.046667 3.128220
-0.160000 0.053333 5.331225
-0.160000 0.060000 4.860700
-0.160000 0.066667 5.267420
-0.160000 0.073333 2.146210
-0.160000 0.080000 5.313883
-0.160000 0.086667 5.281943
-0.160000 0.093333 1.583519
-0.160000 0.100000 3.867660
-0.153333 -0.100000 0.088602
-0.153333 -0.093333 -0.459689
-0.153333 -0.086667 -0.286667
-0.153333 -0.080000 -0.194645
-0.153333 -0.073333 0.083518
-0.153333 -0.066667 0.070000
-0.153333 -0.060000 0.070178
-0.153333 -0.053333 0.162766
-0.153333 -0.046667 0.103852
-0.153333 -0.040000 0.881642
-0.153333 -0.033333 1.924940
-0.153333 -0.026667 2.335907
-0.153333 -0.020000 1.619890
-0.153333 -0.013333 0.903230
-0.153333 -0.006667 1.945556
-0.153333 -0.000000 0.950593
-0.153333 0.006667 1.893155
-0.153333 0.013333 1.575576
-0.153333 0.020000 2.328345
-0.153333 0.026667 4.791202
-0.153333 0.033333 4.824677
-0.153333 0.040000 0.697565
-0.153333 0.046667 4.869255
-0.153333 0.053333 4.955572
-0.153333 0.060000 4.930950
-0.153333 0.066667 3.714400
-0.153333 0.073333 1.314885
-0.153333 0.080000 3.597580
-0.153333 0.086667 4.146176
-0.153333 0.093333 3.085405
-0.153333 0.100000 1.256630
-0.146667 -0.100000 -0.449000
-0.146667 -0.093333 -0.111245
-0.146667 -0.086667 -0.043760
-0.146667 -0.080000 -0.336000
-0.146667 -0.073333 -0.119875
-0.146667 -0.066667 -0.108000
-0.146667 -0.060000 0.173693
-0.146667 -0.053333 0.088166
-0.146667 -0.046667 0.414225
-0.146667 -0.040000 0.640956
-0.146667 -0.033333 1.433838
-0.146667 -0.026667 1.833850
-0.146667 -0.020000 1.687922
-0.146667 -0.013333 0.516214
-0.146667 -0.006667 1.461686
-0.146667 -0.000000 2.107440
-0.146667 0.006667 0.629325
-0.146667 0.013333 1.125630
-0.146667 0.020000 2.453690
-0.146667 0.026667 3.486754
-0.146667 0.033333 2.994215
-0.146667 0.040000 1.674256
-0.146667 0.046667 3.952770
-0.146667 0.053333 1.070072
-0.146667 0.060000 4.575175
-0.146667 0.066667 1.323103
-0.146667 0.073333 2.567954
-0.146667 0.080000 1.307914
-0.146667 0.086667 0.782907
-0.146667 0.093333 1.293356
-0.146667 0.100000 1.097813
-0.140000 -0.100000 0.200190
-0.140000 -0.093333 0.172563
-0.140000 -0.086667 0.180000
-0.140000 -0.080000 -0.067440
-0.140000 -0.073333 0.175000
-0.140000 -0.066667 0.200111
-0.140000 -0.060000 -0.050000
-0.140000 -0.053333 0.207416
-0.140000 -0.046667 0.238020
-0.140000 -0.040000 -0.050887
-0.140000 -0.033333 0.185000
-0.140000 -0.026667 -0.105000
-0.140000 -0.020000 0.184000
-0.140000 -0.013333 -0.531441
-0.140000 -0.006667 0.021344
-0.140000 -0.000000 0.445811
-0.140000 0.006667 0.556619
-0.140000 0.013333 0.154312
-0.140000 0.020000 0.167500
-0.140000 0.026667 -0.288000
-0.140000 0.033333 -0.395000
-0.140000 0.040000 -0.284000
-0.140000 0.046667 0.175000
-0.140000 0.053333 0.182000
-0.140000 0.060000 -0.054000
-0.140000 0.066667 -0.066000
-0.140000 0.073333 -0.052000
-0.140000 0.080000 0.154492
-0.140000 0.086667 -0.006376
-0.140000 0.093333 -0.061947
-0.140000 0.100000 -0.046359
-0.133333 -0.100000 0.130251
-0.133333 -0.093333 0.456169
-0.133333 -0.086667 0.150000
-0.133333 -0.080000 0.438556
-0.133333 -0.073333 -0.043333
-0.133333 -0.066667 0.156691
-0.133333 -0.060000 0.152000
-0.133333 -0.053333 0.448000
-0.133333 -0.046667 0.452000
-0.133333 -0.040000 0.168000
-0.133333 -0.033333 0.444000
-0.133333 -0.026667 0.114000
-0.133333 -0.020000 0.138000
-0.133333 -0.013333 0.444980
-0.133333 -0.006667 0.430110
-0.133333 -0.000000 0.892454
-0.133333 0.006667 0.121025
-0.133333 0.013333 0.430958
-0.133333 0.020000 0.442020
-0.133333 0.026667 0.442500
-0.133333 0.033333 0.408499
-0.133333 0.040000 0.362306
-0.133333 0.046667 0.446020
-0.133333 0.053333 0.450000
-0.133333 0.060000 0.152000
-0.133333 0.066667 0.445073
-0.133333 0.073333 0.186000
-0.133333 0.080000 0.042000
-0.133333 0.086667 0.136000
-0.133333 0.093333 0.138202
-0.133333 0.100000 0.368070
-0.126667 -0.100000 0.459008
-0.126667 -0.093333 0.496204
-0.126667 -0.086667 0.135231
-0.126667 -0.080000 0.451420
-0.126667 -0.073333 0.454462
-0.126667 -0.066667 0.497500
-0.126667 -0.060000 0.497500
-0.126667 -0.053333 0.247365
-0.126667 -0.046667 0.198000
-0.126667 -0.040000 0.165771
-0.126667 -0.033333 0.463530
-0.126667 -0.026667 0.496020
-0.126667 -0.020000 0.435729
-0.126667 -0.013333 0.198694
-0.126667 -0.006667 0.478713
-0.126667 -0.000000 0.399514
-0.126667 0.006667 0.427968
-0.126667 0.013333 2.559934
-0.126667 0.020000 0.496000
-0.126667 0.026667 0.196020
-0.126667 0.033333 0.495000
-0.126667 0.040000 0.498000
-0.126667 0.046667 0.496000
-0.126667 0.053333 0.496000
-0.126667 0.060000 0.125723
-0.126667 0.066667 0.444435
-0.126667 0.073333 0.494000
-0.126667 0.080000 0.459774
-0.126667 0.086667 0.196000
-0.126667 0.093333 0.498346
-0.126667 0.100000 0.093676
-0.120000 -0.100000 0.168491
-0.120000 -0.093333 0.444198
-0.120000 -0.086667 0.412060
-0.120000 -0.080000 0.442000
-0.120000 -0.073333 0.419141
-0.120000 -0.066667 0.424000
-0.120000 -0.060000 0.160000
-0.120000 -0.053333 0.162000
-0.120000 -0.046667 0.450000
-0.120000 -0.040000 0.454477
-0.120000 -0.033333 0.156022
-0.120000 -0.026667 0.376506
-0.120000 -0.020000 0.428027
-0.120000 -0.013333 0.450376
-0.120000 -0.006667 0.108669
-0.120000 -0.000000 0.079480
-0.120000 0.006667 0.127177
-0.120000 0.013333 0.444173
-0.120000 0.020000 0.392143
-0.120000 0.026667 -0.128000
-0.120000 0.033333 0.431216
-0.120000 0.040000 0.414188
-0.120000 0.046667 0.442500
-0.120000 0.053333 0.422483
-0.120000 0.060000 0.160439
-0.120000 0.066667 0.430000
-0.120000 0.073333 0.450023
-0.120000 0.080000 0.445000
-0.120000 0.086667 0.438000
-0.120000 0.093333 0.436667
-0.120000 0.100000 0.437393
-0.113333 -0.100000 -0.310765
-0.113333 -0.093333 -0.319222
-0.113333 -0.086667 0.290000
-0.113333 -0.080000 0.337500
-0.113333 -0.073333 -0.204000
-0.113333 -0.066667 0.285000
-0.113333 -0.060000 0.005000
-0.113333 -0.053333 0.091604
-0.113333 -0.046667 0.002500
-0.113333 -0.040000 0.417003
-0.113333 -0.033333 0.319927
-0.113333 -0.026667 0.413357
-0.113333 -0.020000 -0.342500
-0.113333 -0.013333 0.346071
-0.113333 -0.006667 0.301677
-0.113333 -0.000000 0.304297
-0.113333 0.006667 0.310964
-0.113333 0.013333 -0.240000
-0.113333 0.020000 0.405845
-0.113333 0.026667 0.119317
-0.113333 0.033333 0.279941
-0.113333 0.040000 0.066000
-0.113333 0.046667 0.472514
-0.113333 0.053333 0.360000
-0.113333 0.060000 -0.340000
-0.113333 0.066667 0.064731
-0.113333 0.073333 0.282500
-0.113333 0.080000 0.005000
-0.113333 0.086667 -0.040000
-0.113333 0.093333 -0.347048
-0.113333 0.100000 0.330303
-0.106667 -0.100000 0.267855
-0.106667 -0.093333 0.405787
-0.106667 -0.086667 0.256602
-0.106667 -0.080000 0.192623
-0.106667 -0.073333 0.344356
-0.106667 -0.066667 0.190059
-0.106667 -0.060000 -0.140000
-0.106667 -0.053333 -0.056730
-0.106667 -0.046667 0.257570
-0.106667 -0.040000 0.654837
-0.106667 -0.033333 0.070482
-0.106667 -0.026667 1.464500
-0.106667 -0.020000 0.662652
-0.106667 -0.013333 0.140864
-0.106667 -0.006667 0.479789
-0.106667 -0.000000 0.320121
-0.106667 0.006667 0.154061
-0.106667 0.013333 0.420111
-0.106667 0.020000 1.470706
-0.106667 0.026667 0.677933
-0.106667 0.033333 0.347830
-0.106667 0.040000 0.991205
-0.106667 0.046667 0.454576
-0.106667 0.053333 0.402699
-0.106667 0.060000 1.033771
-0.106667 0.066667 -0.155974
-0.106667 0.073333 1.528796
-0.106667 0.080000 1.377422
-0.106667 0.086667 0.991265
-0.106667 0.093333 0.444159
-0.106667 0.100000 0.010660
-0.100000 -0.100000 0.060634
-0.100000 -0.093333 0.344438
-0.100000 -0.086667 0.320078
-0.100000 -0.080000 0.366109
-0.100000 -0.073333 -0.103287
-0.100000 -0.066667 0.376726
-0.100000 -0.060000 0.356057
-0.100000 -0.053333 0.294665
-0.100000 -0.046667 0.350087
-0.100000 -0.040000 0.352642
-0.100000 -0.033333 0.354085
-0.100000 -0.026667 0.344057
-0.100000 -0.020000 0.346029
-0.100000 -0.013333 0.371828
-0.100000 -0.006667 0.093004
-0.100000 -0.000000 0.330625
-0.100000 0.006667 0.348219
-0.100000 0.013333 0.325128
-0.100000 0.020000 0.007536
-0.100000 0.026667 0.327606
-0.100000 0.033333 0.345000
-0.100000 0.040000 0.362500
-0.100000 0.046667 0.342571
-0.100000 0.053333 0.346028
-0.100000 0.060000 0.362537
-0.100000 0.066667 0.342571
-0.100000 0.073333 0.343429
-0.100000 0.080000 0.369652
-0.100000 0.086667 0.006700
-0.100000 0.093333 0.025068
-0.100000 0.100000 -0.110540
