0 93.780539
1 92.555403
2 94.350331
3 93.648369
4 93.827805
5 93.789905
6 93.540671
7 127.616779
8 122.779657
9 116.163258
10 118.888691
11 123.565301
12 114.178785
13 107.237173
14 109.778048
15 108.616132
16 102.364856
17 99.209208
18 99.056203
19 100.334995
20 102.046690
21 102.138938
22 96.990157
23 99.235073
24 101.871724
25 95.288177
26 94.301859
27 92.316632
28 96.576789
29 89.753306
30 92.619392
31 84.616660
32 89.267999
33 84.471744
34 91.043684
35 78.844310
36 92.715853
37 83.192346
38 91.303509
39 83.331301
