-0.257782 -0.088343 0.000000
-0.208351 0.072500 2.595570
-0.186609 0.019179 4.861900
-0.278199 0.036189 -1.000000
-0.195057 0.019560 3.186490
-0.160897 0.004356 3.009580
-0.211343 -0.033511 1.594020
-0.214603 -0.022470 2.308680
-0.226536 0.053767 2.986050
-0.284471 -0.083842 0.000000
-0.216713 -0.005115 2.457340
-0.284915 0.053442 1.856070
-0.149168 0.069201 4.952920
-0.100433 -0.093611 0.380526
-0.247664 -0.048689 0.000000
-0.201248 0.002984 3.105510
-0.299616 0.074545 -1.000000
-0.223163 -0.049664 0.000000
-0.125572 0.054005 0.490000
-0.290711 -0.087509 0.000000
-0.275668 0.047777 1.553640
-0.199743 0.084424 2.558380
-0.129641 -0.022327 0.500000
-0.168204 -0.025920 2.164160
-0.172612 0.020109 5.280010
-0.183196 -0.064698 0.050990
-0.281862 -0.074225 0.000000
-0.122810 -0.009116 0.408044
-0.288681 0.077058 0.281780
-0.194350 0.055221 3.232410
-0.251164 0.004587 1.436110
-0.235326 0.051771 2.920150
-0.173739 -0.025666 1.244830
-0.120558 0.098264 0.447214
-0.136755 -0.015548 0.230000
-0.119668 -0.048874 0.420000
-0.204835 -0.016289 -1.000000
-0.280578 -0.001129 1.632300
-0.185372 -0.040470 0.050990
-0.203681 -0.066694 0.000000
