0 93.780539
1 92.555403
2 94.350331
3 304.357198
4 262.717855
5 234.474762
6 213.807247
7 271.185656
8 245.559314
9 220.710189
10 216.161256
11 216.239277
12 193.225635
13 176.175356
14 175.644877
15 169.712707
16 210.751174
17 198.418417
18 192.898921
19 190.636491
20 189.515281
21 185.707160
22 172.895497
23 173.661377
24 175.219365
25 161.256915
26 157.169766
27 151.663038
28 156.521003
29 143.605290
30 146.398394
31 132.213531
32 137.959635
33 129.192079
34 137.866150
35 118.266465
36 160.373368
37 142.302697
38 154.513631
39 139.579929
