-3.102859874769644 -2.94351310255949 -0.976181
6.659894181470451 0.6744976925874369 -0.170976
-6.704713244083795 3.975941783430059 -0.995520
2.68239467354098 -6.931319220592632 -0.980617
-6.878536703737524 -4.313089189068354 -0.996672
0.15418979829509194 0.7342283418987741 0.774257
0.42281048754307005 0.5216315228033972 0.900097
-2.617247646180802 6.9552063047676 -0.978706
2.916596834638371 6.91937848572571 -0.985933
-3.0840026112659835 -6.87629851146844 -0.988619
6.930670294047214 -5.978822060468444 -0.998785
2.0542218633831446 6.747910894204434 -0.946346
6.771475868269391 4.34679110793782 -0.996731
-6.914531511448631 -1.2921606710119589 -0.735559
-6.511127172442187 -1.0589624060868275 -0.556484
0.12956277920160097 -1.3043024657843052 0.256517
6.848849872352265 -2.5859517088117174 -0.977672
-0.19708125309121982 6.432207840735099 -0.000922
6.941566072633753 -1.6375981064273581 -0.877494
0.7621111149988291 -6.7266253016313975 -0.251761
0.8526541417930407 -6.9373968122026834 -0.345357
4.689857324513788 -6.863476766918537 -0.997487
2.9089641439620486 -1.0286542458324437 -0.514449
-0.6209950535195068 2.430594661776313 -0.101608
-1.010724769032719 2.732588840506885 -0.493047
-2.6359199088200285 0.36164354744713734 0.003477
1.6926724698126243 -2.7545296862131625 -0.874337
-1.3688744172170715 0.9098261341108165 -0.184937
1.0037389468306088 -0.08371884851118061 0.496219
1.250028885726934 -0.34447444853832465 0.276675
6.985214031479698 2.8640326870263575 -0.984935
2.9027842172811145 2.341928642151066 -0.953937
2.1911722485325864 1.989542326625875 -0.898428
6.980537474542077 6.680349695065704 -0.999077
-0.4950327724963781 -0.683657723324723 0.764063
-1.4687096340448633 6.7252871920451796 -0.822618
-1.2679742794339601 6.96904958781769 -0.720628
-2.863522409939967 6.825022032731791 -0.984884
-0.8405810368153928 -3.524268122727931 -0.326559
-6.784813086306074 -6.838233236611158 -0.999071
