-6.846878652091979 0.7613636230717384 -0.251724
6.729741623257526 2.45282186142593 -0.966485
0.10717224799489866 -1.6523082192510792 0.130765
-5.847161139884887 -6.620671517139998 -0.998660
0.4178636410633647 5.522432646040063 -0.092871
-5.915434399372741 6.852242010102271 -0.998637
-5.662969062636829 6.903622848500019 -0.998507
4.389918929786155 -6.347231304899847 -0.996900
0.072352998900584 0.16031240196965513 0.901059
-0.0037173923543445397 0.04232772151226527 0.954411
6.7280483197624985 -5.970078494289911 -0.998439
6.710983311019497 -1.9355005681925226 -0.937096
6.894378551245401 -2.45710694940695 -0.970886
6.601404599962297 5.458955976224956 -0.998527
-3.35339151563889 6.850464226743913 -0.990706
-6.713786659188811 4.733038899626743 -0.997379
-6.356567282411655 -3.654823763941767 -0.993974
-1.2653721635781707 3.906235309737294 -0.713370
2.21925152044205 -6.657909865136433 -0.953295
1.3683218702339701 -3.5033478274991614 -0.738059
2.922206245365045 -1.9756309051589165 -0.919776
2.0523335517384105 -0.19549585479373377 0.140389
-6.993339934839691 -1.6541563282337304 -0.863470
-1.4963648530566882 1.5679309425586645 -0.690735
0.4584660760022654 1.388554962848481 0.148389
3.1183813124334314 6.793769542256534 -0.989249
3.723203825747113 6.7654737606343645 -0.994280
-6.749279611716497 2.485139300970241 -0.976995
-0.978278254775943 -0.33074760074060183 0.560617
-0.9641048485154169 -0.2836166330552512 0.690369
-0.5353166558722995 -6.899484652012009 -0.106550
-2.4597668449358974 -2.009008453455664 -0.910857
6.33880214540468 0.16980989154383686 0.054736
-3.2074100316155167 -2.6443373773203893 -0.971856
6.47104213034768 2.542536560202283 -0.978463
-1.8155954784385298 6.585764160621972 -0.915244
5.679182488000018 -6.949473723289826 -0.998532
-4.132954824237855 -6.703896303021059 -0.995786
-6.776557972386527 -0.28040395358704195 0.095272
-3.299588651826951 0.7628354022039492 -0.369619
