4.084938089536944 3.184336382346155 -0.986840
1.196480131712443 -1.2126191524577647 -0.412655
-6.69796870312203 -3.366699346935496 -0.991058
-0.6117304370303467 2.8062536179229642 -0.120942
-1.05877770204913 -2.1371336082009993 -0.468370
3.2375476108102674 -0.4247767435834904 0.102011
-2.842301401007452 -3.952188192580671 -0.983785
-2.61805831760005 -0.8870012915818535 -0.425469
4.610623437739868 -4.149796861566924 -0.993850
-0.38186207203318023 -1.1901727729104579 0.324032
0.39481550008693667 -3.0531304319853723 -0.171488
0.24113534575045747 -0.9578382231595937 0.484966
-2.453750622264886 3.8804476021090384 -0.971506
4.018587609609753 2.8876472900963215 -0.981186
-4.905123298005754 -2.5741800021141907 -0.975775
0.6450229578627136 1.7079545197067585 -0.024441
-0.2709864242598652 0.7961032393029477 0.509356
1.3587932500964115 1.8030072558129504 -0.663032
3.9289198707781097 -3.476199754223849 -0.988758
6.024193628440315 2.2988172434665977 -0.966785
2.27778522549767 3.300272515240488 -0.955873
1.5589325380154282 -2.710392514782299 -0.836488
-1.8607661304618235 0.09255855573680982 0.158065
2.411477209644943 -3.941379821622689 -0.967043
-2.7647966349233304 -1.5969675215465422 -0.881148
3.0483439592108414 -6.057565113049334 -0.985350
3.7605373817424113 -1.1611501433661644 -0.602234
2.3119979920829454 0.5369461234160449 -0.041575
2.477678516434146 1.7263074110309677 -0.872412
-5.399622000658689 5.0287989309893195 -0.997338
-6.736146385413266 2.7197473325775263 -0.982559
-1.1456488682949004 -1.8947324159317667 -0.544640
-6.617931118798936 -0.277106403411123 -0.111835
6.259131440177722 -6.222505336459347 -0.998519
-4.287279748886729 0.268851905097673 0.011905
1.5847951804682694 5.210192091546773 -0.852193
-5.721427290881826 -2.6031487161373406 -0.981699
-0.8789351619290899 4.973978763314896 -0.326363
-5.0938241948983976 2.3831821498717343 -0.969097
-1.8965055166689613 -1.9741025927044786 -0.858352
