-3.000000 5.336795
-2.940000 5.336659
-2.880000 5.336493
-2.820000 5.336292
-2.760000 5.336042
-2.700000 5.335730
-2.640000 5.335331
-2.580000 5.334816
-2.520000 5.334134
-2.460000 5.333211
-2.400000 5.331926
-2.340000 5.330074
-2.280000 5.327298
-2.220000 5.322930
-2.160000 5.315664
-2.100000 5.302779
-2.040000 5.278266
-1.980000 5.228126
-1.920000 5.118722
-1.860000 4.871457
-1.800000 4.334130
-1.740000 3.366601
-1.680000 2.182011
-1.620000 1.293742
-1.560000 0.847199
-1.500000 0.670088
-1.440000 0.628373
-1.380000 0.750290
-1.320000 1.583624
-1.260000 5.078801
-1.200000 9.028043
-1.140000 9.907685
-1.080000 9.991390
-1.020000 9.992708
-0.960000 9.911310
-0.900000 8.785392
-0.840000 3.850556
-0.780000 1.177761
-0.720000 0.797130
-0.660000 0.746715
-0.600000 0.737961
-0.540000 0.735956
-0.480000 0.735588
-0.420000 0.736083
-0.360000 0.738867
-0.300000 0.776579
-0.240000 2.107504
-0.180000 9.262231
-0.120000 9.844460
-0.060000 9.852399
0.000000 9.853007
0.060000 9.853552
0.120000 9.853727
0.180000 9.768180
0.240000 3.935020
0.300000 0.622419
0.360000 0.579066
0.420000 0.586508
0.480000 0.595521
0.540000 0.607229
0.600000 0.631628
0.660000 0.718030
0.720000 1.173883
0.780000 3.654547
0.840000 8.295456
0.900000 9.659448
0.960000 9.787539
1.020000 9.793767
1.080000 9.778099
1.140000 9.603397
1.200000 7.706956
1.260000 2.718921
1.320000 0.919054
1.380000 0.657991
1.440000 0.615433
1.500000 0.607361
1.560000 0.613699
1.620000 0.644772
1.680000 0.746627
1.740000 1.089839
1.800000 2.286294
1.860000 5.322904
1.920000 8.304035
1.980000 9.457309
2.040000 9.785207
2.100000 9.828546
2.160000 9.443612
2.220000 6.611584
2.280000 1.816936
2.340000 0.743147
2.400000 0.656951
2.460000 0.654778
2.520000 0.661116
2.580000 0.672946
2.640000 0.716413
2.700000 1.001390
2.760000 2.388828
2.820000 5.466721
2.880000 8.073449
2.940000 9.293495
3.000000 9.801826
