1.437761 1.000000
2.086920 10.000000
-1.967493 10.000000
2.575761 1.000000
0.691956 1.000000
-1.498733 1.000000
-1.719522 1.000000
-0.175602 10.000000
1.756868 1.000000
2.203555 1.000000
0.427579 1.000000
-0.631571 1.000000
1.069702 10.000000
0.705249 1.000000
0.594276 1.000000
-1.824846 10.000000
2.460809 1.000000
0.427795 1.000000
0.093110 10.000000
-1.264997 1.000000
-1.347771 1.000000
-0.657601 1.000000
2.850243 10.000000
2.725447 1.000000
0.291306 1.000000
2.190457 10.000000
-2.256144 1.000000
-2.569327 1.000000
0.751021 1.000000
-0.140413 10.000000
2.668322 1.000000
1.034489 10.000000
-2.031665 10.000000
-1.764016 1.000000
2.161191 10.000000
-0.846019 10.000000
-2.091561 10.000000
2.295973 1.000000
2.155114 10.000000
-0.178156 10.000000
-1.116365 10.000000
2.287141 1.000000
2.190652 10.000000
-0.617544 1.000000
-1.563086 1.000000
-0.803347 10.000000
2.696426 1.000000
-1.271893 1.000000
2.138653 10.000000
-0.508037 1.000000
-1.578600 1.000000
1.959206 10.000000
0.823785 10.000000
2.956017 10.000000
-2.947487 10.000000
0.535984 1.000000
1.522904 1.000000
1.225176 1.000000
1.786665 1.000000
2.153158 10.000000
0.005158 10.000000
2.513275 1.000000
-1.840127 10.000000
-2.184971 10.000000
0.269298 1.000000
2.867020 10.000000
2.228623 1.000000
2.288945 1.000000
-0.018627 10.000000
-1.466973 1.000000
-1.849268 10.000000
-1.398496 1.000000
1.142390 10.000000
-1.681927 1.000000
2.881583 10.000000
-0.130495 10.000000
-2.090200 10.000000
-1.147411 10.000000
0.516813 1.000000
-0.271746 1.000000
2.421338 1.000000
-0.221744 1.000000
-1.571029 1.000000
-1.988814 10.000000
-0.971793 10.000000
-1.578976 1.000000
-1.309894 1.000000
-0.183612 10.000000
-2.219902 1.000000
-2.635372 1.000000
0.884803 10.000000
1.954474 10.000000
-1.660869 1.000000
1.836860 10.000000
2.275142 1.000000
-2.450864 1.000000
-0.893115 10.000000
-2.261561 1.000000
-0.877743 10.000000
-0.608607 1.000000
-1.010674 10.000000
2.956480 10.000000
0.116944 10.000000
-1.593985 1.000000
2.568673 1.000000
2.089036 10.000000
-1.597533 1.000000
1.085699 10.000000
1.210171 1.000000
2.564318 1.000000
1.003941 10.000000
-1.355829 1.000000
-0.298491 1.000000
2.778871 1.000000
-0.653969 1.000000
2.013907 10.000000
2.494057 1.000000
0.496366 1.000000
1.627112 1.000000
-2.123166 10.000000
-1.051283 10.000000
1.921013 10.000000
-0.281286 1.000000
2.488914 1.000000
-1.997359 10.000000
2.482972 1.000000
0.229499 1.000000
-1.041357 10.000000
-0.407091 1.000000
2.642163 1.000000
2.058134 10.000000
-1.832378 10.000000
2.217177 1.000000
2.109640 10.000000
0.452346 1.000000
2.691446 1.000000
0.077435 10.000000
-2.872236 10.000000
0.743902 1.000000
2.840289 10.000000
-2.264084 1.000000
-0.079894 10.000000
0.038710 10.000000
-1.914508 10.000000
1.387722 1.000000
-2.461496 1.000000
2.186022 10.000000
0.546930 1.000000
2.279843 1.000000
-0.198983 10.000000
1.563887 1.000000
0.657712 1.000000
-0.150535 10.000000
-1.054013 10.000000
0.402650 1.000000
-2.928228 10.000000
1.577980 1.000000
-2.624185 1.000000
-1.934098 10.000000
2.924658 10.000000
-2.874931 10.000000
1.159520 10.000000
1.447228 1.000000
2.683921 1.000000
0.366895 1.000000
-0.038204 10.000000
1.209604 1.000000
-2.716009 1.000000
-2.936981 10.000000
2.925927 10.000000
1.365385 1.000000
1.407873 1.000000
-2.486985 1.000000
-1.473926 1.000000
1.923777 10.000000
-2.167161 10.000000
0.920549 10.000000
-1.329865 1.000000
0.979149 10.000000
2.726271 1.000000
2.064445 10.000000
0.402540 1.000000
-2.360597 1.000000
-1.198529 10.000000
-2.811496 10.000000
2.671134 1.000000
0.188447 10.000000
-1.068554 10.000000
1.711687 1.000000
1.723256 1.000000
2.219758 1.000000
2.565300 1.000000
-1.009170 10.000000
-0.899320 10.000000
1.529080 1.000000
-1.316328 1.000000
0.091479 10.000000
1.396580 1.000000
2.336735 1.000000
0.645374 1.000000
-2.516680 1.000000
0.327609 1.000000
2.923495 10.000000
-2.278146 1.000000
-2.713960 1.000000
0.428081 1.000000
-0.979315 10.000000
-2.548267 1.000000
-1.645183 1.000000
-0.369648 1.000000
-1.498102 1.000000
2.990285 10.000000
-0.208350 1.000000
0.841085 10.000000
2.361031 1.000000
-2.732042 1.000000
-2.068851 10.000000
-1.558536 1.000000
2.094709 10.000000
-2.434720 1.000000
-1.977139 10.000000
2.076995 10.000000
2.525117 1.000000
-1.718735 1.000000
2.217447 1.000000
2.680966 1.000000
0.440989 1.000000
-1.164567 10.000000
-0.144207 10.000000
0.369153 1.000000
-1.943217 10.000000
-0.560810 1.000000
-0.993687 10.000000
1.663476 1.000000
-1.244842 1.000000
-2.951693 10.000000
-0.342873 1.000000
2.892962 10.000000
-1.415291 1.000000
2.838473 10.000000
-0.326832 1.000000
-0.464533 1.000000
0.099641 10.000000
2.923429 10.000000
0.134092 10.000000
-1.885762 10.000000
-0.744438 1.000000
2.696909 1.000000
0.789706 1.000000
2.882504 10.000000
-0.165380 10.000000
0.298531 1.000000
1.057852 10.000000
1.536853 1.000000
1.156208 10.000000
-0.485948 1.000000
-2.221776 1.000000
-2.843733 10.000000
2.613431 1.000000
2.959481 10.000000
2.894546 10.000000
0.800316 10.000000
2.421197 1.000000
1.218455 1.000000
-1.606115 1.000000
-0.979107 10.000000
-1.138125 10.000000
-2.020653 10.000000
-0.559845 1.000000
-2.340456 1.000000
-0.399559 1.000000
-2.479459 1.000000
0.442241 1.000000
0.229153 1.000000
-1.543318 1.000000
2.554879 1.000000
0.612942 1.000000
-2.553333 1.000000
-1.680243 1.000000
-1.362648 1.000000
0.010425 10.000000
1.626925 1.000000
1.180063 10.000000
-0.859112 10.000000
-0.082206 10.000000
1.701347 1.000000
0.344513 1.000000
1.786646 1.000000
0.993787 10.000000
-1.318717 1.000000
-1.050031 10.000000
0.075759 10.000000
-0.420753 1.000000
-0.244302 1.000000
-0.546675 1.000000
1.770594 1.000000
2.318159 1.000000
2.172738 10.000000
-2.604544 1.000000
-0.400001 1.000000
2.680974 1.000000
-2.982205 10.000000
-2.870631 10.000000
-2.658466 1.000000
2.807778 10.000000
-2.607395 1.000000
2.567022 1.000000
0.215104 1.000000
-1.988597 10.000000
-2.235257 1.000000
-2.741607 1.000000
0.677123 1.000000
-0.399511 1.000000
1.755257 1.000000
-2.431828 1.000000
0.219995 1.000000
2.518289 1.000000
-1.983722 10.000000
-2.883285 10.000000
-2.997434 10.000000
-2.020951 10.000000
-2.619658 1.000000
1.638680 1.000000
-0.800745 10.000000
2.367124 1.000000
1.308337 1.000000
-0.086225 10.000000
-1.372522 1.000000
-0.674291 1.000000
2.803767 10.000000
-0.281369 1.000000
-2.199182 10.000000
2.155874 10.000000
-1.053636 10.000000
1.932289 10.000000
-0.123990 10.000000
-2.983963 10.000000
0.353049 1.000000
-2.879631 10.000000
0.750997 1.000000
-0.071671 10.000000
0.332705 1.000000
-0.520447 1.000000
-2.098112 10.000000
-1.051898 10.000000
0.165097 10.000000
-0.955931 10.000000
-0.467467 1.000000
-2.631150 1.000000
1.475104 1.000000
-0.355858 1.000000
2.608671 1.000000
-2.469134 1.000000
-2.701782 1.000000
-2.792644 1.000000
-1.215760 1.000000
-0.564975 1.000000
2.257766 1.000000
-2.735704 1.000000
1.999029 10.000000
-0.540878 1.000000
-1.049718 10.000000
1.502099 1.000000
-2.159552 10.000000
-1.090189 10.000000
1.332768 1.000000
2.560465 1.000000
0.818664 10.000000
1.328748 1.000000
1.341755 1.000000
2.126369 10.000000
1.239730 1.000000
1.193293 10.000000
1.518533 1.000000
1.184893 10.000000
-0.388275 1.000000
0.766634 1.000000
-0.713593 1.000000
-2.964809 10.000000
2.973645 10.000000
0.001407 10.000000
-0.110394 10.000000
-2.124640 10.000000
0.273843 1.000000
0.657145 1.000000
-2.356598 1.000000
-0.943232 10.000000
1.452160 1.000000
-2.105802 10.000000
-1.026745 10.000000
-1.309183 1.000000
2.572702 1.000000
-0.622867 1.000000
1.771640 1.000000
1.127740 10.000000
2.591633 1.000000
-1.332231 1.000000
2.571650 1.000000
2.464730 1.000000
2.127764 10.000000
-0.063721 10.000000
0.128189 10.000000
1.539720 1.000000
-2.387956 1.000000
0.481308 1.000000
-2.686640 1.000000
-0.090651 10.000000
0.762979 1.000000
2.721225 1.000000
-1.779272 1.000000
0.984711 10.000000
-0.182289 10.000000
-2.621150 1.000000
-0.943933 10.000000
0.388424 1.000000
1.435124 1.000000
-0.210894 1.000000
0.432552 1.000000
1.205986 1.000000
2.393877 1.000000
0.023459 10.000000
-0.157523 10.000000
2.506638 1.000000
2.395917 1.000000
-0.866640 10.000000
2.900053 10.000000
2.851768 10.000000
-1.607364 1.000000
-0.484875 1.000000
2.036429 10.000000
2.066982 10.000000
-2.478306 1.000000
1.529568 1.000000
-0.723095 1.000000
0.689013 1.000000
0.877874 10.000000
2.127046 10.000000
-1.743456 1.000000
-0.332107 1.000000
-2.842940 10.000000
-0.271596 1.000000
-0.938629 10.000000
0.947171 10.000000
-2.869271 10.000000
-0.008186 10.000000
-1.101089 10.000000
1.535738 1.000000
2.683965 1.000000
2.942468 10.000000
-1.562699 1.000000
-0.522623 1.000000
-0.322188 1.000000
-2.056584 10.000000
0.392926 1.000000
-2.743704 1.000000
-0.250302 1.000000
-2.122487 10.000000
2.301180 1.000000
2.302240 1.000000
-1.171417 10.000000
-1.375290 1.000000
0.338177 1.000000
0.245495 1.000000
2.602542 1.000000
-0.112039 10.000000
-2.536058 1.000000
-1.561263 1.000000
2.089934 10.000000
-1.070568 10.000000
-1.376433 1.000000
1.920685 10.000000
0.423840 1.000000
2.374172 1.000000
1.625626 1.000000
-2.360201 1.000000
-1.527707 1.000000
-0.536838 1.000000
-0.695528 1.000000
0.185863 10.000000
2.940721 10.000000
2.068122 10.000000
-1.926682 10.000000
2.021677 10.000000
2.106532 10.000000
0.986030 10.000000
-1.979651 10.000000
2.992454 10.000000
-2.424462 1.000000
-0.430072 1.000000
1.698962 1.000000
-2.337447 1.000000
2.448530 1.000000
-2.432414 1.000000
0.155819 10.000000
-2.993339 10.000000
-2.435529 1.000000
2.164207 10.000000
2.074804 10.000000
-1.652578 1.000000
-2.704916 1.000000
-0.770254 1.000000
-2.618699 1.000000
2.536959 1.000000
2.687855 1.000000
-0.924602 10.000000
1.589129 1.000000
2.788579 1.000000
2.969102 10.000000
0.391313 1.000000
2.030681 10.000000
2.150420 10.000000
-1.128893 10.000000
-0.853561 10.000000
-2.823585 10.000000
-2.847214 10.000000
-0.034736 10.000000
-2.804393 10.000000
1.830855 10.000000
0.307571 1.000000
0.521264 1.000000
-0.731915 1.000000
2.375410 1.000000
2.172047 10.000000
-1.688447 1.000000
0.951744 10.000000
2.799512 1.000000
-0.021843 10.000000
-1.552356 1.000000
1.587542 1.000000
2.728056 1.000000
-0.548605 1.000000
1.140432 10.000000
-1.421999 1.000000
-0.903942 10.000000
-2.102635 10.000000
2.442935 1.000000
2.272265 1.000000
-0.591114 1.000000
-1.669780 1.000000
0.385708 1.000000
-2.155105 10.000000
-1.738868 1.000000
-2.242564 1.000000
0.941695 10.000000
2.398060 1.000000
-2.038773 10.000000
-2.121522 10.000000
-0.092132 10.000000
1.657010 1.000000
-1.386774 1.000000
0.821857 10.000000
-1.077743 10.000000
2.330637 1.000000
-1.931202 10.000000
-2.321894 1.000000
-2.625568 1.000000
0.641832 1.000000
-1.283829 1.000000
0.017268 10.000000
2.043483 10.000000
0.008845 10.000000
-2.183061 10.000000
-1.673981 1.000000
-2.412901 1.000000
-2.290970 1.000000
-1.092737 10.000000
0.897823 10.000000
1.347389 1.000000
-0.220142 1.000000
1.766746 1.000000
2.816665 10.000000
2.217494 1.000000
2.752364 1.000000
-0.344722 1.000000
2.019362 10.000000
0.251456 1.000000
0.667748 1.000000
2.646021 1.000000
-0.678054 1.000000
1.246165 1.000000
0.187352 10.000000
-0.845658 10.000000
2.397062 1.000000
-1.424480 1.000000
2.549686 1.000000
-2.495030 1.000000
0.313750 1.000000
2.696222 1.000000
-0.915425 10.000000
2.804199 10.000000
-1.861443 10.000000
2.083530 10.000000
-1.082649 10.000000
-0.094055 10.000000
2.467456 1.000000
-2.449016 1.000000
-0.293640 1.000000
0.175857 10.000000
1.724887 1.000000
0.335899 1.000000
-1.137966 10.000000
0.034006 10.000000
0.098714 10.000000
1.813259 10.000000
2.676148 1.000000
-2.733459 1.000000
0.837301 10.000000
-0.262201 1.000000
-2.160620 10.000000
0.208912 1.000000
1.712033 1.000000
-2.381715 1.000000
0.155781 10.000000
1.347756 1.000000
-0.102631 10.000000
-2.986947 10.000000
-1.454930 1.000000
1.076280 10.000000
0.946794 10.000000
2.036731 10.000000
2.340819 1.000000
-2.028742 10.000000
-1.624260 1.000000
-2.165041 10.000000
1.754719 1.000000
1.396096 1.000000
-2.240617 1.000000
1.308566 1.000000
-1.303029 1.000000
-0.977052 10.000000
-2.251550 1.000000
0.454378 1.000000
1.432491 1.000000
1.855678 10.000000
1.976509 10.000000
0.940362 10.000000
-1.892410 10.000000
1.492149 1.000000
-0.568996 1.000000
-0.561289 1.000000
-1.154203 10.000000
0.005560 10.000000
1.670912 1.000000
1.254308 1.000000
-1.530733 1.000000
-0.768226 1.000000
-2.968421 10.000000
1.704758 1.000000
-2.761916 1.000000
2.411823 1.000000
0.432797 1.000000
1.736263 1.000000
-2.027304 10.000000
-2.129262 10.000000
-2.844236 10.000000
1.836100 10.000000
-0.389141 1.000000
1.577233 1.000000
-0.935457 10.000000
0.909953 10.000000
1.020851 10.000000
2.997687 10.000000
-0.035908 10.000000
-2.830243 10.000000
-0.283838 1.000000
-2.968104 10.000000
0.336621 1.000000
0.700850 1.000000
-1.127346 10.000000
-2.604099 1.000000
-2.912429 10.000000
0.453261 1.000000
2.273161 1.000000
2.561678 1.000000
1.211076 1.000000
-2.591442 1.000000
-1.989229 10.000000
-2.106180 10.000000
-0.219652 1.000000
0.406447 1.000000
-2.638538 1.000000
-1.805832 10.000000
2.564367 1.000000
-0.149268 10.000000
-2.401150 1.000000
-0.995170 10.000000
-0.516901 1.000000
-2.960318 10.000000
2.073989 10.000000
-0.658206 1.000000
-2.869943 10.000000
-2.834036 10.000000
-2.859097 10.000000
-0.218367 1.000000
-0.654586 1.000000
-2.580874 1.000000
2.345780 1.000000
0.723444 1.000000
1.112558 10.000000
0.411920 1.000000
2.762535 1.000000
0.766870 1.000000
0.153879 10.000000
-0.220272 1.000000
-2.852370 10.000000
-1.737401 1.000000
-1.028862 10.000000
-1.149168 10.000000
0.033375 10.000000
0.498209 1.000000
-1.335449 1.000000
-0.537870 1.000000
-2.321907 1.000000
-2.030803 10.000000
-0.764105 1.000000
0.582427 1.000000
-0.080495 10.000000
0.588695 1.000000
-0.742790 1.000000
-0.905892 10.000000
2.243760 1.000000
-0.625832 1.000000
-2.407379 1.000000
2.987125 10.000000
1.553155 1.000000
-0.657946 1.000000
1.986023 10.000000
-0.573100 1.000000
-1.716570 1.000000
-2.534582 1.000000
-0.163696 10.000000
0.015111 10.000000
0.692281 1.000000
-2.318597 1.000000
-2.478647 1.000000
-0.434121 1.000000
0.692264 1.000000
-2.617734 1.000000
-0.085659 10.000000
2.988472 10.000000
1.573989 1.000000
1.668134 1.000000
1.181209 10.000000
-2.421156 1.000000
0.007225 10.000000
2.438513 1.000000
1.314810 1.000000
1.894782 10.000000
-1.813471 10.000000
0.739311 1.000000
-0.727903 1.000000
-0.941491 10.000000
-0.504867 1.000000
-2.256304 1.000000
2.181492 10.000000
0.514172 1.000000
2.858745 10.000000
-1.602916 1.000000
-2.453062 1.000000
-2.935589 10.000000
-2.272075 1.000000
0.951986 10.000000
-2.552689 1.000000
-2.447546 1.000000
-1.648202 1.000000
2.959403 10.000000
-1.670013 1.000000
1.967777 10.000000
-0.971988 10.000000
1.927005 10.000000
-2.433394 1.000000
-1.254096 1.000000
-2.551090 1.000000
0.421467 1.000000
1.293429 1.000000
1.053681 10.000000
-2.605464 1.000000
-2.929994 10.000000
0.118488 10.000000
1.826405 10.000000
-0.746410 1.000000
0.923572 10.000000
2.921666 10.000000
2.802274 10.000000
0.801797 10.000000
1.647167 1.000000
-2.308775 1.000000
-2.057698 10.000000
-2.982352 10.000000
-1.239055 1.000000
2.686477 1.000000
2.043612 10.000000
2.450386 1.000000
-2.756446 1.000000
2.704098 1.000000
-0.621645 1.000000
2.650261 1.000000
2.289810 1.000000
-1.253893 1.000000
2.599400 1.000000
-2.327569 1.000000
-1.595370 1.000000
0.165559 10.000000
0.176936 10.000000
-2.219942 1.000000
0.775483 1.000000
0.519083 1.000000
2.279079 1.000000
1.318314 1.000000
-0.495690 1.000000
-0.520766 1.000000
-2.166120 10.000000
2.740299 1.000000
1.034665 10.000000
-2.587010 1.000000
0.422766 1.000000
1.783160 1.000000
0.729572 1.000000
0.751484 1.000000
0.452427 1.000000
0.491414 1.000000
2.873334 10.000000
-1.905655 10.000000
-1.218272 1.000000
2.510223 1.000000
2.463896 1.000000
1.603328 1.000000
-0.437294 1.000000
1.247842 1.000000
2.151488 10.000000
-1.841826 10.000000
-2.247611 1.000000
2.913409 10.000000
-0.237939 1.000000
-1.251352 1.000000
-1.272122 1.000000
2.054027 10.000000
0.714030 1.000000
1.162632 10.000000
-1.152913 10.000000
-1.352481 1.000000
1.778222 1.000000
2.288168 1.000000
1.540374 1.000000
0.323413 1.000000
-1.476135 1.000000
0.028534 10.000000
1.790170 1.000000
2.726401 1.000000
2.669443 1.000000
0.461742 1.000000
-1.752047 1.000000
2.699645 1.000000
-0.763909 1.000000
-0.764877 1.000000
1.729160 1.000000
-2.373639 1.000000
-2.661665 1.000000
2.831991 10.000000
-0.482674 1.000000
-0.161647 10.000000
1.485573 1.000000
-2.038458 10.000000
1.659549 1.000000
1.759457 1.000000
0.471463 1.000000
1.140879 10.000000
-1.935357 10.000000
-0.080055 10.000000
-1.485799 1.000000
-0.323218 1.000000
-2.173968 10.000000
-0.735897 1.000000
-2.574773 1.000000
0.425023 1.000000
-1.562258 1.000000
-2.658138 1.000000
-0.370686 1.000000
2.462312 1.000000
-2.070559 10.000000
-0.567844 1.000000
-0.473907 1.000000
2.747844 1.000000
0.298249 1.000000
0.555306 1.000000
-2.986296 10.000000
-0.236340 1.000000
0.382286 1.000000
-0.494550 1.000000
1.600756 1.000000
-0.451634 1.000000
-2.093074 10.000000
2.050339 10.000000
-2.641959 1.000000
0.313737 1.000000
-0.682740 1.000000
1.521906 1.000000
-2.536845 1.000000
0.053085 10.000000
-2.528329 1.000000
-2.904690 10.000000
2.677549 1.000000
-1.954916 10.000000
-0.733498 1.000000
-1.632212 1.000000
-1.864649 10.000000
1.986065 10.000000
2.475319 1.000000
1.822614 10.000000
-0.194677 10.000000
0.467822 1.000000
-0.986282 10.000000
-2.358662 1.000000
-0.844789 10.000000
2.638671 1.000000
-1.066583 10.000000
-0.109971 10.000000
2.677081 1.000000
2.000322 10.000000
1.145070 10.000000
-2.178418 10.000000
-1.723665 1.000000
-0.872360 10.000000
-2.259376 1.000000
-1.492735 1.000000
0.381775 1.000000
-1.994890 10.000000
2.045948 10.000000
0.860716 10.000000
0.820759 10.000000
-0.441592 1.000000
1.983098 10.000000
1.579113 1.000000
-1.250839 1.000000
-1.670841 1.000000
1.811444 10.000000
-0.675736 1.000000
2.742445 1.000000
2.171384 10.000000
1.018125 10.000000
-0.810427 10.000000
1.144684 10.000000
-1.228062 1.000000
0.317581 1.000000
-0.422587 1.000000
-1.007363 10.000000
1.902211 10.000000
-1.984889 10.000000
1.340236 1.000000
-2.242857 1.000000
-1.884075 10.000000
2.372401 1.000000
0.098845 10.000000
1.512065 1.000000
0.732771 1.000000
2.117517 10.000000
-1.583623 1.000000
-0.562137 1.000000
2.880085 10.000000
-0.739344 1.000000
-2.179057 10.000000
-2.324760 1.000000
-0.435120 1.000000
2.612550 1.000000
1.782964 1.000000
2.791358 1.000000
-0.918031 10.000000
-2.179226 10.000000
-1.957717 10.000000
2.228767 1.000000
2.273135 1.000000
1.769051 1.000000
1.670389 1.000000
2.362929 1.000000
-1.741745 1.000000
1.417432 1.000000
-1.569138 1.000000
2.026842 10.000000
1.471773 1.000000
-1.330175 1.000000
-2.730140 1.000000
-0.588779 1.000000
-1.834771 10.000000
2.037965 10.000000
0.227898 1.000000
1.099875 10.000000
2.004641 10.000000
0.234971 1.000000
-1.398052 1.000000
-1.409016 1.000000
1.431298 1.000000
-2.495693 1.000000
-2.022033 10.000000
1.025346 10.000000
1.570748 1.000000
2.561280 1.000000
1.132990 10.000000
-2.990753 10.000000
-2.327646 1.000000
2.614732 1.000000
