1.437761 1.226022
2.086920 0.265493
-1.967493 -0.387825
2.575761 0.295352
0.691956 1.587895
-1.498733 -1.126032
-1.719522 -0.750964
-0.175602 -0.517857
1.756868 0.689723
2.203555 0.191013
0.427579 1.158728
-0.631571 -1.516356
1.069702 1.661714
0.705249 1.601420
0.594276 1.464030
-1.824846 -0.582979
2.460809 0.206619
0.427795 1.159193
0.093110 0.277989
-1.264997 -1.476042
-1.347771 -1.363863
-0.657601 -1.549214
2.850243 0.683088
2.725447 0.479659
0.291306 0.833670
2.190457 0.196966
-2.256144 -0.173537
-2.569327 -0.289112
0.751021 1.641792
-0.140413 -0.416649
2.668322 0.400831
1.034489 1.680801
-2.031665 -0.316750
-1.764016 -0.678187
2.161191 0.212519
-0.846019 -1.694838
-2.091561 -0.261634
2.295973 0.167272
2.155114 0.216133
-0.178156 -0.525127
-1.116365 -1.629131
2.287141 0.168137
2.190652 0.196872
-0.617544 -1.497397
-1.563086 -1.017074
-0.803347 -1.676134
2.696426 0.438377
-1.271893 -1.467340
2.138653 0.226581
-0.508037 -1.320103
-1.578600 -0.990520
1.959206 0.397840
0.823785 1.686131
2.956017 0.881899
-2.947487 -0.865177
0.535984 1.370162
1.522904 1.085405
1.225176 1.523743
1.786665 0.642085
2.153158 0.217325
0.005158 0.015473
2.513275 0.241057
-1.840127 -0.560016
-2.184971 -0.199645
0.269298 0.775987
2.867020 0.713238
2.228623 0.181391
2.288945 0.167936
-0.018627 -0.055871
-1.466973 -1.178632
-1.849268 -0.546485
-1.398496 -1.287859
1.142390 1.607523
-1.681927 -0.813954
2.881583 0.739871
-0.130495 -0.387800
-2.090200 -0.262759
-1.147411 -1.603082
0.516813 1.336167
-0.271746 -0.782467
2.421338 0.187613
-0.221744 -0.647306
-1.571029 -1.003487
-1.988814 -0.362911
-0.971793 -1.702409
-1.578976 -0.989877
-1.309894 -1.417207
-0.183612 -0.540615
-2.219902 -0.184473
-2.635372 -0.360000
0.884803 1.704658
1.954474 0.403641
-1.660869 -0.849666
1.836860 0.564890
2.275142 0.169791
-2.450864 -0.201267
-0.893115 -1.705882
-2.261561 -0.172328
-0.877743 -1.703375
-0.608607 -1.484862
-1.010674 -1.690914
2.956480 0.882810
0.116944 0.348177
-1.593985 -0.964143
2.568673 0.288487
2.089036 0.263725
-1.597533 -0.958055
1.085699 1.651460
1.210171 1.540530
2.564318 0.284355
1.003941 1.693354
-1.355829 -1.352118
-0.298491 -0.852222
2.778871 0.561899
-0.653969 -1.544812
2.013907 0.335227
2.494057 0.227241
0.496366 1.298258
1.627112 0.907328
-2.123166 -0.237274
-1.051283 -1.672304
1.921013 0.446288
-0.281286 -0.807565
2.488914 0.223778
-1.997359 -0.353281
2.482972 0.219901
0.229499 0.668643
-1.041357 -1.677462
-0.407091 -1.113769
2.642163 0.368126
2.058134 0.290991
-1.832378 -0.571608
2.217177 0.185494
2.109640 0.247287
0.452346 1.211039
2.691446 0.431547
0.077435 0.231532
-2.872236 -0.722730
0.743902 1.636145
2.840289 0.665480
-2.264084 -0.171804
-0.079894 -0.238834
0.038710 0.116032
-1.914508 -0.454899
1.387722 1.304397
-2.461496 -0.207003
2.186022 0.199123
0.546930 1.388888
2.279843 0.169077
-0.198983 -0.583962
1.563887 1.015704
0.657712 1.549347
-0.150535 -0.445954
-1.054013 -1.670818
0.402650 1.103827
-2.928228 -0.827815
1.577980 0.991584
-2.624185 -0.346947
-1.934098 -0.429278
2.924658 0.820953
-2.874931 -0.727654
1.159520 1.592018
1.447228 1.210781
2.683921 0.421369
0.366895 1.021334
-0.038204 -0.114519
1.209604 1.541151
-2.716009 -0.465962
-2.936981 -0.844726
2.925927 0.823390
1.365385 1.338022
1.407873 1.273308
-2.486985 -0.222504
-1.473926 -1.167204
1.923777 0.442660
-2.167161 -0.209095
0.920549 1.707743
-1.329865 -1.389475
0.979149 1.700719
2.726271 0.480867
2.064445 0.285173
0.402540 1.103579
-2.360597 -0.170132
-1.198529 -1.553085
-2.811496 -0.615799
2.671134 0.404477
0.188447 0.554296
-1.068554 -1.662412
1.711687 0.763994
1.723256 0.744774
2.219758 0.184526
2.565300 0.285281
-1.009170 -1.691475
-0.899320 -1.706595
1.529080 1.074958
-1.316328 -1.408372
0.091479 0.273163
1.396580 1.290814
2.336735 0.167189
0.645374 1.534159
-2.516680 -0.243648
0.327609 0.925923
2.923495 0.818721
-2.278146 -0.169325
-2.713960 -0.463021
0.428081 1.159809
-0.979315 -1.700678
-2.548267 -0.269720
-1.645183 -0.876410
-0.369648 -1.027839
-1.498102 -1.127086
2.990285 0.950053
-0.208350 -0.610157
0.841085 1.693100
2.361031 0.170207
-2.732042 -0.489384
-2.068851 -0.281187
-1.558536 -1.024847
2.094709 0.259058
-2.434720 -0.193386
-1.977139 -0.376398
2.076995 0.273982
2.525117 0.250253
-1.718735 -0.752271
2.217447 0.185392
2.680966 0.417420
0.440989 1.187333
-1.164567 -1.587260
-0.144207 -0.427651
0.369153 1.026670
-1.943217 -0.417674
-0.560810 -1.411910
-0.993687 -1.696711
1.663476 0.845232
-1.244842 -1.500742
-2.951693 -0.873410
-0.342873 -0.963562
2.892962 0.760967
-1.415291 -1.261697
2.838473 0.662291
-0.326832 -0.923987
-0.464533 -1.235934
0.099641 0.297280
2.923429 0.818595
0.134092 0.398277
-1.885762 -0.494122
-0.744438 -1.636578
2.696909 0.439045
0.789706 1.668396
2.882504 0.741570
-0.165380 -0.488658
0.298531 0.852324
1.057852 1.668678
1.536853 1.061778
1.156208 1.595093
-0.485948 -1.278298
-2.221776 -0.183787
-2.843733 -0.671548
2.613431 0.334794
2.959481 0.888721
2.894546 0.763922
0.800316 1.674489
2.421197 0.187556
1.218455 1.531346
-1.606115 -0.943332
-0.979107 -1.700730
-1.138125 -1.611227
-2.020653 -0.328096
-0.559845 -1.410336
-2.340456 -0.167502
-0.399559 -1.096867
-2.479459 -0.217671
0.442241 1.189969
0.229153 0.667693
-1.543318 -1.050790
2.554879 0.275636
0.612942 1.490986
-2.553333 -0.274239
-1.680243 -0.816800
-1.362648 -1.342078
0.010425 0.031272
1.626925 0.907647
1.180063 1.572127
-0.859112 -1.698912
-0.082206 -0.245693
1.701347 0.781274
0.344513 0.967565
1.786646 0.642116
0.993787 1.696680
-1.318717 -1.405067
-1.050031 -1.672976
0.075759 0.226552
-0.420753 -1.143914
-0.244302 -0.709002
-0.546675 -1.388459
1.770594 0.667630
2.318159 0.166429
2.172738 0.206013
-2.604544 -0.325047
-0.400001 -1.097865
2.680974 0.417431
-2.982205 -0.933853
-2.870631 -0.719802
-2.658466 -0.388250
2.807778 0.609524
-2.607395 -0.328145
2.567022 0.286913
0.215104 0.628936
-1.988597 -0.363158
-2.235257 -0.179236
-2.741607 -0.503706
0.677123 1.571851
-0.399511 -1.096760
1.755257 0.692333
-2.431828 -0.192080
0.219995 0.642476
2.518289 0.244888
-1.983722 -0.368747
-2.883285 -0.743011
-2.997434 -0.964449
-2.020951 -0.327785
-2.619658 -0.341783
1.638680 0.887525
-0.800745 -1.674724
2.367124 0.171323
1.308337 1.419330
-0.086225 -0.257608
-1.372522 -1.327379
-0.674291 -1.568674
2.803767 0.602792
-0.281369 -0.807782
-2.199182 -0.192931
2.155874 0.215674
-1.053636 -1.671025
1.932289 0.431604
-0.123990 -0.368806
-2.983963 -0.937371
0.353049 0.988259
-2.879631 -0.736277
0.750997 1.641773
-0.071671 -0.214400
0.332705 0.938566
-0.520447 -1.342728
-2.098112 -0.256310
-1.051898 -1.671972
0.165097 0.487848
-0.955931 -1.705270
-0.467467 -1.241844
-2.631150 -0.355024
1.475104 1.165263
-0.355858 -0.995019
2.608671 0.329539
-2.469134 -0.211389
-2.701782 -0.445808
-2.792644 -0.584331
-1.215760 -1.534356
-0.564975 -1.418659
2.257766 0.173163
-2.735704 -0.494837
1.999029 0.351423
-0.540878 -1.378596
-1.049718 -1.673143
1.502099 1.120401
-2.159552 -0.213481
-1.090189 -1.648407
1.332768 1.385369
2.560465 0.280758
0.818664 1.683806
1.328748 1.391051
1.341755 1.372544
2.126369 0.234995
1.239730 1.506828
1.193293 1.558594
1.518533 1.092783
1.184893 1.567252
-0.388275 -1.071179
0.766634 1.653358
-0.713593 -1.609496
-2.964809 -0.899243
2.973645 0.916775
0.001407 0.004222
-0.110394 -0.328947
-2.124640 -0.236220
0.273843 0.788004
0.657145 1.548664
-2.356598 -0.169485
-0.943232 -1.706783
1.452160 1.202796
-2.105802 -0.250241
-1.026745 -1.684341
-1.309183 -1.418177
2.572702 0.292367
-0.622867 -1.504695
1.771640 0.665955
1.127740 1.619981
2.591633 0.311370
-1.332231 -1.386130
2.571650 0.291348
2.464730 0.208833
2.127764 0.234013
-0.063721 -0.190733
0.128189 0.381073
1.539720 1.056908
-2.387956 -0.176233
0.481308 1.269272
-2.686640 -0.425026
-0.090651 -0.270715
0.762979 1.650751
2.721225 0.473500
-1.779272 -0.653790
0.984711 1.699290
-0.182289 -0.536865
-2.621150 -0.343477
-0.943933 -1.706717
0.388424 1.071523
1.435124 1.230245
-0.210894 -0.617240
0.432552 1.169413
1.205986 1.545091
2.393877 0.177936
0.023459 0.070355
-0.157523 -0.466099
2.506638 0.236129
2.395917 0.178555
-0.866640 -1.700904
2.900053 0.774234
2.851768 0.685803
-1.607364 -0.941188
-0.484875 -1.276219
2.036429 0.311954
2.066982 0.282870
-2.478306 -0.216949
1.529568 1.074132
-0.723095 -1.618305
0.689013 1.584791
0.877874 1.703401
2.127046 0.234517
-1.743456 -0.711537
-0.332107 -0.937087
-2.842940 -0.670148
-0.271596 -0.782071
-0.938629 -1.707159
0.947171 1.706388
-2.869271 -0.717327
-0.008186 -0.024558
-1.101089 -1.640686
1.535738 1.063670
2.683965 0.421428
2.942468 0.855387
-1.562699 -1.017736
-0.522623 -1.346630
-0.322188 -0.912386
-2.056584 -0.292439
0.392926 1.081821
-2.743704 -0.506881
-0.250302 -0.725219
-2.122487 -0.237762
2.301180 0.166904
2.302240 0.166841
-1.171417 -1.580668
-1.375290 -1.323226
0.338177 0.952057
0.245495 0.712232
2.602542 0.322888
-0.112039 -0.333781
-2.536058 -0.259209
-1.561263 -1.020189
2.089934 0.262979
-1.070568 -1.661184
-1.376433 -1.321505
1.920685 0.446719
0.423840 1.150635
2.374172 0.172795
1.625626 0.909873
-2.360201 -0.170066
-1.527707 -1.077283
-0.536838 -1.371641
-0.695528 -1.591609
0.185863 0.546991
2.940721 0.851987
2.068122 0.281842
-1.926682 -0.438867
2.021677 0.327026
2.106532 0.249675
0.986030 1.698932
-1.979651 -0.373464
2.992454 0.954415
-2.424462 -0.188899
-0.430072 -1.164096
1.698962 0.785272
-2.337447 -0.167245
2.448530 0.200066
-2.432414 -0.192342
0.155819 0.461193
-2.993339 -0.956197
-2.435529 -0.193757
2.164207 0.210773
2.074804 0.275899
-1.652578 -0.863789
-2.704916 -0.450196
-0.770254 -1.655880
-2.618699 -0.340697
2.536959 0.259966
2.687855 0.426668
-0.924602 -1.707737
1.589129 0.972472
2.788579 0.577659
2.969102 0.907748
0.391313 1.078140
2.030681 0.317749
2.150420 0.219015
-1.128893 -1.619028
-0.853561 -1.697280
-2.823585 -0.636425
-2.847214 -0.677707
-0.034736 -0.104139
-2.804393 -0.603840
1.830855 0.573899
0.307571 0.875462
0.521264 1.344195
-0.731915 -1.626111
2.375410 0.173074
2.172047 0.206389
-1.688447 -0.802952
0.951744 1.705845
2.799512 0.595694
-0.021843 -0.065512
-1.552356 -1.035395
1.587542 0.975193
2.728056 0.483492
-0.548605 -1.391710
1.140432 1.609231
-1.421999 -1.251124
-0.903942 -1.707015
-2.102635 -0.252716
2.442935 0.197271
2.272265 0.170270
-0.591114 -1.459312
-1.669780 -0.834524
0.385708 1.065277
-2.155105 -0.216139
-1.738868 -0.719048
-2.242564 -0.177055
0.941695 1.706918
2.398060 0.179221
-2.038773 -0.309620
-2.121522 -0.238458
-0.092132 -0.275095
1.657010 0.856235
-1.386774 -1.305843
0.821857 1.685270
-1.077743 -1.656681
2.330637 0.166792
-1.931202 -0.433006
-2.321894 -0.166474
-2.625568 -0.348537
0.641832 1.529672
-1.283829 -1.451983
0.017268 0.051797
2.043483 0.304981
0.008845 0.026533
-2.183061 -0.200604
-1.673981 -0.827400
-2.412901 -0.184329
-2.290970 -0.167725
-1.092737 -1.646642
0.897823 1.706439
1.347389 1.364417
-0.220142 -0.642882
1.766746 0.673799
2.816665 0.624577
2.217494 0.185374
2.752364 0.520120
-0.344722 -0.968075
2.019362 0.329450
0.251456 0.728327
0.667748 1.561195
2.646021 0.372810
-0.678054 -1.572887
1.246165 1.499155
0.187352 0.551202
-0.845658 -1.694714
2.397062 0.178909
-1.424480 -1.247196
2.549686 0.270976
-2.495030 -0.227907
0.313750 0.891145
2.696222 0.438096
-0.915425 -1.707648
2.804199 0.603516
-1.861443 -0.528714
2.083530 0.268356
-1.082649 -1.653490
-0.094055 -0.280782
2.467456 0.210406
-2.449016 -0.200314
-0.293640 -0.839712
0.175857 0.518584
1.724887 0.742075
0.335899 0.946453
-1.137966 -1.611363
0.034006 0.101952
0.098714 0.294543
1.813259 0.600664
2.676148 0.411040
-2.733459 -0.491488
0.837301 1.691692
-0.262201 -0.757124
-2.160620 -0.212853
0.208912 0.611721
1.712033 0.763418
-2.381715 -0.174585
0.155781 0.461085
1.347756 1.363884
-0.102631 -0.306097
-2.986947 -0.943351
-1.454930 -1.198296
1.076280 1.657615
0.946794 1.706428
2.036731 0.311653
2.340819 0.167536
-2.028742 -0.319726
-1.624260 -0.912214
-2.165041 -0.210296
1.754719 0.693203
1.396096 1.291560
-2.240617 -0.177616
1.308566 1.419019
-1.303029 -1.426526
-0.977052 -1.701224
-2.251550 -0.174649
0.454378 1.215227
1.432491 1.234453
1.855678 0.537092
1.976509 0.377137
0.940362 1.707028
-1.892410 -0.484886
1.492149 1.137016
-0.568996 -1.425103
-0.561289 -1.412689
-1.154203 -1.596936
0.005560 0.016679
1.670912 0.832603
1.254308 1.489280
-1.530733 -1.072158
-0.768226 -1.654475
-2.968421 -0.906396
1.704758 0.775563
-2.761916 -0.534959
2.411823 0.183930
0.432797 1.169937
1.736263 0.723323
-2.027304 -0.321200
-2.129262 -0.232966
-2.844236 -0.672435
1.836100 0.566025
-0.389141 -1.073167
1.577233 0.992862
-0.935457 -1.707365
0.909953 1.707419
1.020851 1.686873
2.997687 0.964960
-0.035908 -0.107648
-2.830243 -0.647930
-0.283838 -0.814239
-2.968104 -0.905769
0.336621 0.948230
0.700850 1.597034
-1.127346 -1.620306
-2.604099 -0.324566
-2.912429 -0.797604
0.453261 1.212927
2.273161 0.170117
2.561678 0.281885
1.211076 1.539537
-2.591442 -0.311173
-1.989229 -0.362438
-2.106180 -0.249948
-0.219652 -0.641528
0.406447 1.112331
-2.638538 -0.363769
-1.805832 -0.612119
2.564367 0.284402
-0.149268 -0.442295
-2.401150 -0.180215
-0.995170 -1.696252
-0.516901 -1.336327
-2.960318 -0.890371
2.073989 0.276617
-0.658206 -1.549940
-2.869943 -0.718550
-2.834036 -0.654530
-2.859097 -0.698927
-0.218367 -0.637975
-0.654586 -1.545564
-2.580874 -0.300417
2.345780 0.168044
0.723444 1.618620
1.112558 1.632091
0.411920 1.124500
2.762535 0.535929
0.766870 1.653524
0.153879 0.455605
-0.220272 -0.643240
-2.852370 -0.686877
-1.737401 -0.721455
-1.028862 -1.683397
-1.149168 -1.601507
0.033375 0.100064
0.498209 1.301744
-1.335449 -1.381561
-0.537870 -1.373424
-2.321907 -0.166474
-2.030803 -0.317625
-0.764105 -1.651560
0.582427 1.446128
-0.080495 -0.240616
0.588695 1.455675
-0.742790 -1.635242
-0.905892 -1.707164
2.243760 0.176717
-0.625832 -1.508705
-2.407379 -0.182329
2.987125 0.943709
1.553155 1.034031
-0.657946 -1.549629
1.986023 0.366101
-0.573100 -1.431610
-1.716570 -0.755866
-2.534582 -0.257975
-0.163696 -0.483832
0.015111 0.045326
0.692281 1.588235
-2.318597 -0.166431
-2.478647 -0.217162
-0.434121 -1.172764
0.692264 1.588217
-2.617734 -0.339609
-0.085659 -0.255930
2.988472 0.946412
1.573989 0.998420
1.668134 0.837317
1.181209 1.570978
-2.421156 -0.187539
0.007225 0.021675
2.438513 0.195148
1.314810 1.410465
1.894782 0.481614
-1.813471 -0.600340
0.739311 1.632380
-0.727903 -1.622604
-0.941491 -1.706936
-0.504867 -1.314224
-2.256304 -0.173499
2.181492 0.201401
0.514172 1.331366
2.858745 0.698294
-1.602916 -0.948820
-2.453062 -0.202417
-2.935589 -0.842028
-2.272075 -0.170302
0.951986 1.705814
-2.552689 -0.273659
-2.447546 -0.199566
-1.648202 -0.871256
2.959403 0.888567
-1.670013 -0.834128
1.967777 0.387484
-0.971988 -1.702367
1.927005 0.438447
-2.433394 -0.192783
-1.254096 -1.489540
-2.551090 -0.272226
0.421467 1.145473
1.293429 1.439368
1.053681 1.671001
-2.605464 -0.326043
-2.929994 -0.831218
0.118488 0.352704
1.826405 0.580618
-0.746410 -1.638161
0.923572 1.707745
2.921666 0.815217
2.802274 0.600296
0.801797 1.675298
1.647167 0.873022
-2.308775 -0.166553
-2.057698 -0.291398
-2.982352 -0.934147
-1.239055 -1.507626
2.686477 0.424806
2.043612 0.304855
2.450386 0.201019
-2.756446 -0.526431
2.704098 0.449047
-0.621645 -1.503031
2.650261 0.378014
2.289810 0.167844
-1.253893 -1.489788
2.599400 0.319528
-2.327569 -0.166647
-1.595370 -0.961766
0.165559 0.489172
0.176936 0.521656
-2.219942 -0.184458
0.775483 1.659415
0.519083 1.340271
2.279079 0.169187
1.318314 1.405626
-0.495690 -1.296977
-0.520766 -1.343301
-2.166120 -0.209683
2.740299 0.501732
1.034665 1.680718
-2.587010 -0.306614
0.422766 1.148301
1.783160 0.647625
0.729572 1.624072
0.751484 1.642150
0.452427 1.211206
0.491414 1.288824
2.873334 0.724734
-1.905655 -0.466778
-1.218272 -1.531550
2.510223 0.238771
2.463896 0.208357
1.603328 0.948112
-0.437294 -1.179517
1.247842 1.497137
2.151488 0.218353
-1.841826 -0.557488
-2.247611 -0.175666
2.913409 0.799466
-0.237939 -0.691715
-1.251352 -1.492887
-1.272122 -1.467049
2.054027 0.294845
0.714030 1.609911
1.162632 1.589094
-1.152913 -1.598116
-1.352481 -1.357014
1.778222 0.655460
2.288168 0.168021
1.540374 1.055795
0.323413 0.915453
-1.476135 -1.163562
0.028534 0.085562
1.790170 0.636565
2.726401 0.481059
2.669443 0.402281
0.461742 1.230282
-1.752047 -0.697539
2.699645 0.442833
-0.763909 -1.651421
-0.764877 -1.652113
1.729160 0.735016
-2.373639 -0.172677
-2.661665 -0.392300
2.831991 0.650969
-0.482674 -1.271939
-0.161647 -0.477953
1.485573 1.147948
-2.038458 -0.309933
1.659549 0.851912
1.759457 0.685537
0.471463 1.249839
1.140879 1.608842
-1.935357 -0.427663
-0.080055 -0.239310
-1.485799 -1.147572
-0.323218 -0.914964
-2.173968 -0.205348
-0.735897 -1.629517
-2.574773 -0.294385
0.425023 1.153200
-1.562258 -1.018489
-2.658138 -0.387837
-0.370686 -1.030284
2.462312 0.207461
-2.070559 -0.279658
-0.567844 -1.423264
-0.473907 -1.254697
2.747844 0.513183
0.298249 0.851599
0.555306 1.402879
-2.986296 -0.942045
-0.236340 -0.687355
0.382286 1.057371
-0.494550 -1.294809
1.600756 0.952526
-0.451634 -1.209567
-2.093074 -0.260392
2.050339 0.298351
-2.641959 -0.367880
0.313737 0.891114
-0.682740 -1.578044
1.521906 1.087091
-2.536845 -0.259870
0.053085 0.159005
-2.528329 -0.252837
-2.904690 -0.782959
2.677549 0.412888
-1.954916 -0.403097
-0.733498 -1.627473
-1.632212 -0.898593
-1.864649 -0.524084
1.986065 0.366052
2.475319 0.215103
1.822614 0.586368
-0.194677 -0.571863
0.467822 1.242557
-0.986282 -1.698863
-2.358662 -0.169811
-0.844789 -1.694415
2.638671 0.363928
-1.066583 -1.663600
-0.109971 -0.327705
2.677081 0.412269
2.000322 0.349990
1.145070 1.605163
-2.178418 -0.202989
-1.723665 -0.744097
-0.872360 -1.702246
-2.259376 -0.172802
-1.492735 -1.136040
0.381775 1.056188
-1.994890 -0.356042
2.045948 0.302580
0.860716 1.699358
0.820759 1.684772
-0.441592 -1.188605
1.983098 0.369466
1.579113 0.989642
-1.250839 -1.493510
-1.670841 -0.832723
1.811444 0.603457
-0.675736 -1.570300
2.742445 0.504974
2.171384 0.206751
1.018125 1.687997
-0.810427 -1.679814
1.144684 1.605505
-1.228062 -1.520437
0.317581 0.900815
-0.422587 -1.147911
-1.007363 -1.692137
1.902211 0.471448
-1.984889 -0.367402
1.340236 1.374724
-2.242857 -0.176972
-1.884075 -0.496482
2.372401 0.172407
0.098845 0.294929
1.512065 1.103678
0.732771 1.626849
2.117517 0.241380
-1.583623 -0.981911
-0.562137 -1.414067
2.880085 0.737113
-0.739344 -1.632407
-2.179057 -0.202656
-2.324760 -0.166546
-0.435120 -1.174894
2.612550 0.333815
1.782964 0.647935
2.791358 0.582215
-0.918031 -1.707711
-2.179226 -0.202568
-1.957717 -0.399659
2.228767 0.181342
2.273135 0.170122
1.769051 0.670100
1.670389 0.833490
2.362929 0.170539
-1.741745 -0.714336
1.417432 1.258329
-1.569138 -1.006724
2.026842 0.321674
1.471773 1.170748
-1.330175 -1.389037
-2.730140 -0.486566
-0.588779 -1.455800
-1.834771 -0.568016
2.037965 0.310423
0.227898 0.664250
1.099875 1.641568
2.004641 0.345239
0.234971 0.683618
-1.398052 -1.288544
-1.409016 -1.271525
1.431298 1.236357
-2.495693 -0.228363
-2.022033 -0.326654
1.025346 1.684955
1.570748 1.003967
2.561280 0.281515
1.132990 1.615603
-2.990753 -0.950994
-2.327646 -0.166650
2.614732 0.336243
