-3.000000 -0.948863
-2.940000 -0.839022
-2.880000 -0.734124
-2.820000 -0.635126
-2.760000 -0.543013
-2.700000 -0.458789
-2.640000 -0.383463
-2.580000 -0.318033
-2.520000 -0.263467
-2.460000 -0.220677
-2.400000 -0.190486
-2.340000 -0.173595
-2.280000 -0.170539
-2.220000 -0.181648
-2.160000 -0.206996
-2.100000 -0.246364
-2.040000 -0.299209
-1.980000 -0.364643
-1.920000 -0.441434
-1.860000 -0.528026
-1.800000 -0.622587
-1.740000 -0.723067
-1.680000 -0.827285
-1.620000 -0.933018
-1.560000 -1.038086
-1.500000 -1.140430
-1.440000 -1.238175
-1.380000 -1.329667
-1.320000 -1.413480
-1.260000 -1.488408
-1.200000 -1.553431
-1.140000 -1.607666
-1.080000 -1.650321
-1.020000 -1.680633
-0.960000 -1.697836
-0.900000 -1.701125
-0.840000 -1.689664
-0.780000 -1.662611
-0.720000 -1.619190
-0.660000 -1.558782
-0.600000 -1.481058
-0.540000 -1.386104
-0.480000 -1.274528
-0.420000 -1.147512
-0.360000 -1.006781
-0.300000 -0.854481
-0.240000 -0.692991
-0.180000 -0.524697
-0.120000 -0.351808
-0.060000 -0.176243
0.000000 0.000378
0.060000 0.176647
0.120000 0.351221
0.180000 0.522677
0.240000 0.689391
0.300000 0.849506
0.360000 1.000966
0.420000 1.141635
0.480000 1.269445
0.540000 1.382563
0.600000 1.479527
0.660000 1.559334
0.720000 1.621477
0.780000 1.665920
0.840000 1.693042
0.900000 1.703550
0.960000 1.698382
1.020000 1.678619
1.080000 1.645408
1.140000 1.599905
1.200000 1.543241
1.260000 1.476511
1.320000 1.400790
1.380000 1.317158
1.440000 1.226747
1.500000 1.130791
1.560000 1.030667
1.620000 0.927931
1.680000 0.824330
1.740000 0.721787
1.800000 0.622356
1.860000 0.528151
1.920000 0.441260
1.980000 0.363645
2.040000 0.297048
2.100000 0.242918
2.160000 0.202347
2.220000 0.176055
2.280000 0.164379
2.340000 0.167306
2.400000 0.184512
2.460000 0.215410
2.520000 0.259212
2.580000 0.314982
2.640000 0.381684
2.700000 0.458230
2.760000 0.543511
2.820000 0.636426
2.880000 0.735904
2.940000 0.840917
3.000000 0.950494
