-0.291613 -0.099304 0.000000
-0.102511 0.095761 0.332998
-0.287648 0.098150 0.175634
-0.294784 0.097336 0.108900
-0.294173 0.099897 0.015621
-0.124442 -0.008891 0.470408
-0.162556 -0.027604 2.110262
-0.269089 0.099270 0.344714
-0.102985 0.092030 0.342345
-0.105580 -0.099671 0.266350
-0.106490 0.094835 1.037070
-0.108306 0.098898 0.269427
-0.298290 -0.098223 0.000000
-0.100616 0.097426 0.352999
-0.298634 0.096738 0.000000
-0.106539 0.094019 0.353087
-0.101599 -0.083540 0.354060
-0.287704 0.096346 0.348260
-0.295221 0.091077 0.177333
-0.101065 -0.076791 0.070060
-0.103998 0.096043 0.404163
-0.296353 0.093692 0.000000
-0.100300 0.098704 0.338508
-0.100926 0.099769 0.304516
-0.102013 0.097046 0.336683
-0.101107 0.093260 0.340335
-0.107408 0.095991 0.413598
-0.101376 0.095958 0.364689
-0.109498 0.095482 1.399021
-0.105766 -0.097275 0.203984
-0.299059 0.092025 0.137186
-0.104747 0.099462 0.306309
-0.100367 0.075867 0.350056
-0.103103 0.099315 0.433078
-0.108084 0.098989 0.274430
-0.104804 0.096173 0.353129
-0.108480 0.098568 1.190142
-0.136970 0.098714 0.245289
-0.102149 0.096020 0.339262
-0.128154 0.099273 0.500665
