-0.300000 -0.100000 1.000000
-0.300000 -0.093333 1.000000
-0.300000 -0.086667 1.000000
-0.300000 -0.080000 1.000000
-0.300000 -0.073333 1.000000
-0.300000 -0.066667 1.000000
-0.300000 -0.060000 1.000000
-0.300000 -0.053333 1.000000
-0.300000 -0.046667 1.000000
-0.300000 -0.040000 1.000000
-0.300000 -0.033333 1.000000
-0.300000 -0.026667 1.000000
-0.300000 -0.020000 1.000000
-0.300000 -0.013333 1.000000
-0.300000 -0.006667 1.000000
-0.300000 -0.000000 1.000000
-0.300000 0.006667 1.000000
-0.300000 0.013333 1.000000
-0.300000 0.020000 1.000000
-0.300000 0.026667 1.000000
-0.300000 0.033333 1.000000
-0.300000 0.040000 1.000000
-0.300000 0.046667 1.000000
-0.300000 0.053333 1.000000
-0.300000 0.060000 1.000000
-0.300000 0.066667 1.000000
-0.300000 0.073333 1.000000
-0.300000 0.080000 1.000000
-0.300000 0.086667 1.000000
-0.300000 0.093333 1.000000
-0.300000 0.100000 1.000000
-0.293333 -0.100000 1.000000
-0.293333 -0.093333 1.000000
-0.293333 -0.086667 1.000000
-0.293333 -0.080000 1.000000
-0.293333 -0.073333 1.000000
-0.293333 -0.066667 1.000000
-0.293333 -0.060000 1.000000
-0.293333 -0.053333 1.000000
-0.293333 -0.046667 1.000000
-0.293333 -0.040000 1.000000
-0.293333 -0.033333 1.000000
-0.293333 -0.026667 1.000000
-0.293333 -0.020000 1.000000
-0.293333 -0.013333 1.000000
-0.293333 -0.006667 1.000000
-0.293333 -0.000000 1.000000
-0.293333 0.006667 1.000000
-0.293333 0.013333 1.000000
-0.293333 0.020000 1.000000
-0.293333 0.026667 1.000000
-0.293333 0.033333 1.000000
-0.293333 0.040000 1.000000
-0.293333 0.046667 1.000000
-0.293333 0.053333 1.000000
-0.293333 0.060000 1.000000
-0.293333 0.066667 1.000000
-0.293333 0.073333 1.000000
-0.293333 0.080000 1.000000
-0.293333 0.086667 1.000000
-0.293333 0.093333 1.000000
-0.293333 0.100000 1.000000
-0.286667 -0.100000 1.000000
-0.286667 -0.093333 1.000000
-0.286667 -0.086667 1.000000
-0.286667 -0.080000 1.000000
-0.286667 -0.073333 1.000000
-0.286667 -0.066667 1.000000
-0.286667 -0.060000 1.000000
-0.286667 -0.053333 1.000000
-0.286667 -0.046667 1.000000
-0.286667 -0.040000 1.000000
-0.286667 -0.033333 1.000000
-0.286667 -0.026667 1.000000
-0.286667 -0.020000 1.000000
-0.286667 -0.013333 1.000000
-0.286667 -0.006667 1.000000
-0.286667 -0.000000 1.000000
-0.286667 0.006667 1.000000
-0.286667 0.013333 1.000000
-0.286667 0.020000 1.000000
-0.286667 0.026667 1.000000
-0.286667 0.033333 1.000000
-0.286667 0.040000 1.000000
-0.286667 0.046667 1.000000
-0.286667 0.053333 1.000000
-0.286667 0.060000 1.000000
-0.286667 0.066667 1.000000
-0.286667 0.073333 1.000000
-0.286667 0.080000 1.000000
-0.286667 0.086667 1.000000
-0.286667 0.093333 1.000000
-0.286667 0.100000 1.000000
-0.280000 -0.100000 1.000000
-0.280000 -0.093333 1.000000
-0.280000 -0.086667 1.000000
-0.280000 -0.080000 1.000000
-0.280000 -0.073333 1.000000
-0.280000 -0.066667 1.000000
-0.280000 -0.060000 1.000000
-0.280000 -0.053333 1.000000
-0.280000 -0.046667 1.000000
-0.280000 -0.040000 1.000000
-0.280000 -0.033333 1.000000
-0.280000 -0.026667 1.000000
-0.280000 -0.020000 1.000000
-0.280000 -0.013333 1.000000
-0.280000 -0.006667 1.000000
-0.280000 -0.000000 1.000000
-0.280000 0.006667 1.000000
-0.280000 0.013333 1.000000
-0.280000 0.020000 1.000000
-0.280000 0.026667 1.000000
-0.280000 0.033333 1.000000
-0.280000 0.040000 1.000000
-0.280000 0.046667 1.000000
-0.280000 0.053333 1.000000
-0.280000 0.060000 1.000000
-0.280000 0.066667 1.000000
-0.280000 0.073333 1.000000
-0.280000 0.080000 1.000000
-0.280000 0.086667 1.000000
-0.280000 0.093333 1.000000
-0.280000 0.100000 1.000000
-0.273333 -0.100000 1.000000
-0.273333 -0.093333 1.000000
-0.273333 -0.086667 1.000000
-0.273333 -0.080000 1.000000
-0.273333 -0.073333 1.000000
-0.273333 -0.066667 1.000000
-0.273333 -0.060000 1.000000
-0.273333 -0.053333 1.000000
-0.273333 -0.046667 1.000000
-0.273333 -0.040000 1.000000
-0.273333 -0.033333 1.000000
-0.273333 -0.026667 1.000000
-0.273333 -0.020000 1.000000
-0.273333 -0.013333 1.000000
-0.273333 -0.006667 1.000000
-0.273333 -0.000000 1.000000
-0.273333 0.006667 1.000000
-0.273333 0.013333 1.000000
-0.273333 0.020000 1.000000
-0.273333 0.026667 1.000000
-0.273333 0.033333 1.000000
-0.273333 0.040000 1.000000
-0.273333 0.046667 1.000000
-0.273333 0.053333 1.000000
-0.273333 0.060000 1.000000
-0.273333 0.066667 1.000000
-0.273333 0.073333 1.000000
-0.273333 0.080000 1.000000
-0.273333 0.086667 1.000000
-0.273333 0.093333 1.000000
-0.273333 0.100000 1.000000
-0.266667 -0.100000 1.000000
-0.266667 -0.093333 1.000000
-0.266667 -0.086667 1.000000
-0.266667 -0.080000 1.000000
-0.266667 -0.073333 1.000000
-0.266667 -0.066667 1.000000
-0.266667 -0.060000 1.000000
-0.266667 -0.053333 1.000000
-0.266667 -0.046667 1.000000
-0.266667 -0.040000 1.000000
-0.266667 -0.033333 1.000000
-0.266667 -0.026667 1.000000
-0.266667 -0.020000 1.000000
-0.266667 -0.013333 1.000000
-0.266667 -0.006667 1.000000
-0.266667 -0.000000 1.000000
-0.266667 0.006667 1.000000
-0.266667 0.013333 1.000000
-0.266667 0.020000 1.000000
-0.266667 0.026667 1.000000
-0.266667 0.033333 1.000000
-0.266667 0.040000 1.000000
-0.266667 0.046667 1.000000
-0.266667 0.053333 1.000000
-0.266667 0.060000 1.000000
-0.266667 0.066667 1.000000
-0.266667 0.073333 1.000000
-0.266667 0.080000 1.000000
-0.266667 0.086667 1.000000
-0.266667 0.093333 1.000000
-0.266667 0.100000 1.000000
-0.260000 -0.100000 1.000000
-0.260000 -0.093333 1.000000
-0.260000 -0.086667 1.000000
-0.260000 -0.080000 1.000000
-0.260000 -0.073333 1.000000
-0.260000 -0.066667 1.000000
-0.260000 -0.060000 1.000000
-0.260000 -0.053333 1.000000
-0.260000 -0.046667 1.000000
-0.260000 -0.040000 1.000000
-0.260000 -0.033333 1.000000
-0.260000 -0.026667 1.000000
-0.260000 -0.020000 1.000000
-0.260000 -0.013333 1.000000
-0.260000 -0.006667 1.000000
-0.260000 -0.000000 1.000000
-0.260000 0.006667 1.000000
-0.260000 0.013333 1.000000
-0.260000 0.020000 1.000000
-0.260000 0.026667 1.000000
-0.260000 0.033333 1.000000
-0.260000 0.040000 1.000000
-0.260000 0.046667 1.000000
-0.260000 0.053333 1.000000
-0.260000 0.060000 1.000000
-0.260000 0.066667 1.000000
-0.260000 0.073333 1.000000
-0.260000 0.080000 1.000000
-0.260000 0.086667 1.000000
-0.260000 0.093333 1.000000
-0.260000 0.100000 1.000000
-0.253333 -0.100000 1.000000
-0.253333 -0.093333 1.000000
-0.253333 -0.086667 1.000000
-0.253333 -0.080000 1.000000
-0.253333 -0.073333 1.000000
-0.253333 -0.066667 1.000000
-0.253333 -0.060000 1.000000
-0.253333 -0.053333 1.000000
-0.253333 -0.046667 1.000000
-0.253333 -0.040000 1.000000
-0.253333 -0.033333 1.000000
-0.253333 -0.026667 1.000000
-0.253333 -0.020000 1.000000
-0.253333 -0.013333 1.000000
-0.253333 -0.006667 1.000000
-0.253333 -0.000000 1.000000
-0.253333 0.006667 1.000000
-0.253333 0.013333 1.000000
-0.253333 0.020000 1.000000
-0.253333 0.026667 1.000000
-0.253333 0.033333 1.000000
-0.253333 0.040000 1.000000
-0.253333 0.046667 1.000000
-0.253333 0.053333 1.000000
-0.253333 0.060000 1.000000
-0.253333 0.066667 1.000000
-0.253333 0.073333 1.000000
-0.253333 0.080000 1.000000
-0.253333 0.086667 1.000000
-0.253333 0.093333 1.000000
-0.253333 0.100000 1.000000
-0.246667 -0.100000 1.000000
-0.246667 -0.093333 1.000000
-0.246667 -0.086667 1.000000
-0.246667 -0.080000 1.000000
-0.246667 -0.073333 1.000000
-0.246667 -0.066667 1.000000
-0.246667 -0.060000 1.000000
-0.246667 -0.053333 1.000000
-0.246667 -0.046667 1.000000
-0.246667 -0.040000 1.000000
-0.246667 -0.033333 1.000000
-0.246667 -0.026667 1.000000
-0.246667 -0.020000 1.000000
-0.246667 -0.013333 1.000000
-0.246667 -0.006667 1.000000
-0.246667 -0.000000 1.000000
-0.246667 0.006667 1.000000
-0.246667 0.013333 1.000000
-0.246667 0.020000 1.000000
-0.246667 0.026667 1.000000
-0.246667 0.033333 1.000000
-0.246667 0.040000 1.000000
-0.246667 0.046667 1.000000
-0.246667 0.053333 1.000000
-0.246667 0.060000 1.000000
-0.246667 0.066667 1.000000
-0.246667 0.073333 1.000000
-0.246667 0.080000 1.000000
-0.246667 0.086667 1.000000
-0.246667 0.093333 1.000000
-0.246667 0.100000 1.000000
-0.240000 -0.100000 1.000000
-0.240000 -0.093333 1.000000
-0.240000 -0.086667 1.000000
-0.240000 -0.080000 1.000000
-0.240000 -0.073333 1.000000
-0.240000 -0.066667 1.000000
-0.240000 -0.060000 1.000000
-0.240000 -0.053333 1.000000
-0.240000 -0.046667 1.000000
-0.240000 -0.040000 1.000000
-0.240000 -0.033333 1.000000
-0.240000 -0.026667 1.000000
-0.240000 -0.020000 1.000000
-0.240000 -0.013333 1.000000
-0.240000 -0.006667 1.000000
-0.240000 -0.000000 1.000000
-0.240000 0.006667 1.000000
-0.240000 0.013333 1.000000
-0.240000 0.020000 1.000000
-0.240000 0.026667 1.000000
-0.240000 0.033333 1.000000
-0.240000 0.040000 1.000000
-0.240000 0.046667 1.000000
-0.240000 0.053333 1.000000
-0.240000 0.060000 1.000000
-0.240000 0.066667 1.000000
-0.240000 0.073333 1.000000
-0.240000 0.080000 1.000000
-0.240000 0.086667 1.000000
-0.240000 0.093333 1.000000
-0.240000 0.100000 1.000000
-0.233333 -0.100000 1.000000
-0.233333 -0.093333 1.000000
-0.233333 -0.086667 1.000000
-0.233333 -0.080000 1.000000
-0.233333 -0.073333 1.000000
-0.233333 -0.066667 1.000000
-0.233333 -0.060000 1.000000
-0.233333 -0.053333 1.000000
-0.233333 -0.046667 1.000000
-0.233333 -0.040000 1.000000
-0.233333 -0.033333 1.000000
-0.233333 -0.026667 1.000000
-0.233333 -0.020000 1.000000
-0.233333 -0.013333 1.000000
-0.233333 -0.006667 1.000000
-0.233333 -0.000000 1.000000
-0.233333 0.006667 1.000000
-0.233333 0.013333 1.000000
-0.233333 0.020000 1.000000
-0.233333 0.026667 1.000000
-0.233333 0.033333 1.000000
-0.233333 0.040000 1.000000
-0.233333 0.046667 1.000000
-0.233333 0.053333 1.000000
-0.233333 0.060000 1.000000
-0.233333 0.066667 1.000000
-0.233333 0.073333 1.000000
-0.233333 0.080000 1.000000
-0.233333 0.086667 1.000000
-0.233333 0.093333 1.000000
-0.233333 0.100000 1.000000
-0.226667 -0.100000 1.000000
-0.226667 -0.093333 1.000000
-0.226667 -0.086667 1.000000
-0.226667 -0.080000 1.000000
-0.226667 -0.073333 1.000000
-0.226667 -0.066667 1.000000
-0.226667 -0.060000 1.000000
-0.226667 -0.053333 1.000000
-0.226667 -0.046667 1.000000
-0.226667 -0.040000 1.000000
-0.226667 -0.033333 1.000000
-0.226667 -0.026667 1.000000
-0.226667 -0.020000 1.000000
-0.226667 -0.013333 1.000000
-0.226667 -0.006667 1.000000
-0.226667 -0.000000 1.000000
-0.226667 0.006667 1.000000
-0.226667 0.013333 1.000000
-0.226667 0.020000 1.000000
-0.226667 0.026667 1.000000
-0.226667 0.033333 1.000000
-0.226667 0.040000 1.000000
-0.226667 0.046667 1.000000
-0.226667 0.053333 1.000000
-0.226667 0.060000 1.000000
-0.226667 0.066667 1.000000
-0.226667 0.073333 1.000000
-0.226667 0.080000 1.000000
-0.226667 0.086667 1.000000
-0.226667 0.093333 1.000000
-0.226667 0.100000 1.000000
-0.220000 -0.100000 1.000000
-0.220000 -0.093333 1.000000
-0.220000 -0.086667 1.000000
-0.220000 -0.080000 1.000000
-0.220000 -0.073333 1.000000
-0.220000 -0.066667 1.000000
-0.220000 -0.060000 1.000000
-0.220000 -0.053333 1.000000
-0.220000 -0.046667 1.000000
-0.220000 -0.040000 1.000000
-0.220000 -0.033333 1.000000
-0.220000 -0.026667 1.000000
-0.220000 -0.020000 1.000000
-0.220000 -0.013333 1.000000
-0.220000 -0.006667 1.000000
-0.220000 -0.000000 1.000000
-0.220000 0.006667 1.000000
-0.220000 0.013333 1.000000
-0.220000 0.020000 1.000000
-0.220000 0.026667 1.000000
-0.220000 0.033333 1.000000
-0.220000 0.040000 1.000000
-0.220000 0.046667 1.000000
-0.220000 0.053333 1.000000
-0.220000 0.060000 1.000000
-0.220000 0.066667 1.000000
-0.220000 0.073333 1.000000
-0.220000 0.080000 1.000000
-0.220000 0.086667 1.000000
-0.220000 0.093333 1.000000
-0.220000 0.100000 1.000000
-0.213333 -0.100000 1.000000
-0.213333 -0.093333 1.000000
-0.213333 -0.086667 1.000000
-0.213333 -0.080000 1.000000
-0.213333 -0.073333 1.000000
-0.213333 -0.066667 1.000000
-0.213333 -0.060000 1.000000
-0.213333 -0.053333 1.000000
-0.213333 -0.046667 1.000000
-0.213333 -0.040000 1.000000
-0.213333 -0.033333 1.000000
-0.213333 -0.026667 1.000000
-0.213333 -0.020000 1.000000
-0.213333 -0.013333 1.000000
-0.213333 -0.006667 1.000000
-0.213333 -0.000000 1.000000
-0.213333 0.006667 1.000000
-0.213333 0.013333 1.000000
-0.213333 0.020000 1.000000
-0.213333 0.026667 1.000000
-0.213333 0.033333 1.000000
-0.213333 0.040000 1.000000
-0.213333 0.046667 1.000000
-0.213333 0.053333 1.000000
-0.213333 0.060000 1.000000
-0.213333 0.066667 1.000000
-0.213333 0.073333 1.000000
-0.213333 0.080000 1.000000
-0.213333 0.086667 1.000000
-0.213333 0.093333 1.000000
-0.213333 0.100000 1.000000
-0.206667 -0.100000 1.000000
-0.206667 -0.093333 1.000000
-0.206667 -0.086667 1.000000
-0.206667 -0.080000 1.000000
-0.206667 -0.073333 1.000000
-0.206667 -0.066667 1.000000
-0.206667 -0.060000 1.000000
-0.206667 -0.053333 1.000000
-0.206667 -0.046667 1.000000
-0.206667 -0.040000 1.000000
-0.206667 -0.033333 1.000000
-0.206667 -0.026667 1.000000
-0.206667 -0.020000 1.000000
-0.206667 -0.013333 1.000000
-0.206667 -0.006667 1.000000
-0.206667 -0.000000 1.000000
-0.206667 0.006667 1.000000
-0.206667 0.013333 1.000000
-0.206667 0.020000 1.000000
-0.206667 0.026667 1.000000
-0.206667 0.033333 1.000000
-0.206667 0.040000 1.000000
-0.206667 0.046667 1.000000
-0.206667 0.053333 1.000000
-0.206667 0.060000 1.000000
-0.206667 0.066667 1.000000
-0.206667 0.073333 1.000000
-0.206667 0.080000 1.000000
-0.206667 0.086667 1.000000
-0.206667 0.093333 1.000000
-0.206667 0.100000 1.000000
-0.200000 -0.100000 1.000000
-0.200000 -0.093333 1.000000
-0.200000 -0.086667 1.000000
-0.200000 -0.080000 1.000000
-0.200000 -0.073333 1.000000
-0.200000 -0.066667 1.000000
-0.200000 -0.060000 1.000000
-0.200000 -0.053333 1.000000
-0.200000 -0.046667 1.000000
-0.200000 -0.040000 1.000000
-0.200000 -0.033333 1.000000
-0.200000 -0.026667 1.000000
-0.200000 -0.020000 1.000000
-0.200000 -0.013333 1.000000
-0.200000 -0.006667 1.000000
-0.200000 -0.000000 1.000000
-0.200000 0.006667 1.000000
-0.200000 0.013333 1.000000
-0.200000 0.020000 1.000000
-0.200000 0.026667 1.000000
-0.200000 0.033333 1.000000
-0.200000 0.040000 1.000000
-0.200000 0.046667 1.000000
-0.200000 0.053333 1.000000
-0.200000 0.060000 1.000000
-0.200000 0.066667 1.000000
-0.200000 0.073333 1.000000
-0.200000 0.080000 1.000000
-0.200000 0.086667 1.000000
-0.200000 0.093333 1.000000
-0.200000 0.100000 1.000000
-0.193333 -0.100000 1.000000
-0.193333 -0.093333 1.000000
-0.193333 -0.086667 1.000000
-0.193333 -0.080000 1.000000
-0.193333 -0.073333 1.000000
-0.193333 -0.066667 1.000000
-0.193333 -0.060000 1.000000
-0.193333 -0.053333 1.000000
-0.193333 -0.046667 1.000000
-0.193333 -0.040000 1.000000
-0.193333 -0.033333 1.000000
-0.193333 -0.026667 1.000000
-0.193333 -0.020000 1.000000
-0.193333 -0.013333 1.000000
-0.193333 -0.006667 1.000000
-0.193333 -0.000000 1.000000
-0.193333 0.006667 1.000000
-0.193333 0.013333 1.000000
-0.193333 0.020000 1.000000
-0.193333 0.026667 1.000000
-0.193333 0.033333 1.000000
-0.193333 0.040000 1.000000
-0.193333 0.046667 1.000000
-0.193333 0.053333 1.000000
-0.193333 0.060000 1.000000
-0.193333 0.066667 1.000000
-0.193333 0.073333 1.000000
-0.193333 0.080000 1.000000
-0.193333 0.086667 1.000000
-0.193333 0.093333 1.000000
-0.193333 0.100000 1.000000
-0.186667 -0.100000 1.000000
-0.186667 -0.093333 1.000000
-0.186667 -0.086667 1.000000
-0.186667 -0.080000 1.000000
-0.186667 -0.073333 1.000000
-0.186667 -0.066667 1.000000
-0.186667 -0.060000 1.000000
-0.186667 -0.053333 1.000000
-0.186667 -0.046667 1.000000
-0.186667 -0.040000 1.000000
-0.186667 -0.033333 1.000000
-0.186667 -0.026667 1.000000
-0.186667 -0.020000 1.000000
-0.186667 -0.013333 1.000000
-0.186667 -0.006667 1.000000
-0.186667 -0.000000 1.000000
-0.186667 0.006667 1.000000
-0.186667 0.013333 1.000000
-0.186667 0.020000 1.000000
-0.186667 0.026667 1.000000
-0.186667 0.033333 1.000000
-0.186667 0.040000 1.000000
-0.186667 0.046667 1.000000
-0.186667 0.053333 1.000000
-0.186667 0.060000 1.000000
-0.186667 0.066667 1.000000
-0.186667 0.073333 1.000000
-0.186667 0.080000 1.000000
-0.186667 0.086667 1.000000
-0.186667 0.093333 1.000000
-0.186667 0.100000 1.000000
-0.180000 -0.100000 1.000000
-0.180000 -0.093333 1.000000
-0.180000 -0.086667 1.000000
-0.180000 -0.080000 1.000000
-0.180000 -0.073333 1.000000
-0.180000 -0.066667 1.000000
-0.180000 -0.060000 1.000000
-0.180000 -0.053333 1.000000
-0.180000 -0.046667 1.000000
-0.180000 -0.040000 1.000000
-0.180000 -0.033333 1.000000
-0.180000 -0.026667 1.000000
-0.180000 -0.020000 1.000000
-0.180000 -0.013333 1.000000
-0.180000 -0.006667 1.000000
-0.180000 -0.000000 1.000000
-0.180000 0.006667 1.000000
-0.180000 0.013333 1.000000
-0.180000 0.020000 1.000000
-0.180000 0.026667 1.000000
-0.180000 0.033333 1.000000
-0.180000 0.040000 1.000000
-0.180000 0.046667 1.000000
-0.180000 0.053333 1.000000
-0.180000 0.060000 1.000000
-0.180000 0.066667 1.000000
-0.180000 0.073333 1.000000
-0.180000 0.080000 1.000000
-0.180000 0.086667 1.000000
-0.180000 0.093333 1.000000
-0.180000 0.100000 1.000000
-0.173333 -0.100000 1.000000
-0.173333 -0.093333 1.000000
-0.173333 -0.086667 1.000000
-0.173333 -0.080000 1.000000
-0.173333 -0.073333 1.000000
-0.173333 -0.066667 1.000000
-0.173333 -0.060000 1.000000
-0.173333 -0.053333 1.000000
-0.173333 -0.046667 1.000000
-0.173333 -0.040000 1.000000
-0.173333 -0.033333 1.000000
-0.173333 -0.026667 1.000000
-0.173333 -0.020000 1.000000
-0.173333 -0.013333 1.000000
-0.173333 -0.006667 1.000000
-0.173333 -0.000000 1.000000
-0.173333 0.006667 1.000000
-0.173333 0.013333 1.000000
-0.173333 0.020000 1.000000
-0.173333 0.026667 1.000000
-0.173333 0.033333 1.000000
-0.173333 0.040000 1.000000
-0.173333 0.046667 1.000000
-0.173333 0.053333 1.000000
-0.173333 0.060000 1.000000
-0.173333 0.066667 1.000000
-0.173333 0.073333 1.000000
-0.173333 0.080000 1.000000
-0.173333 0.086667 1.000000
-0.173333 0.093333 1.000000
-0.173333 0.100000 1.000000
-0.166667 -0.100000 1.000000
-0.166667 -0.093333 1.000000
-0.166667 -0.086667 1.000000
-0.166667 -0.080000 1.000000
-0.166667 -0.073333 1.000000
-0.166667 -0.066667 1.000000
-0.166667 -0.060000 1.000000
-0.166667 -0.053333 1.000000
-0.166667 -0.046667 1.000000
-0.166667 -0.040000 1.000000
-0.166667 -0.033333 1.000000
-0.166667 -0.026667 1.000000
-0.166667 -0.020000 1.000000
-0.166667 -0.013333 1.000000
-0.166667 -0.006667 1.000000
-0.166667 -0.000000 1.000000
-0.166667 0.006667 1.000000
-0.166667 0.013333 1.000000
-0.166667 0.020000 1.000000
-0.166667 0.026667 1.000000
-0.166667 0.033333 1.000000
-0.166667 0.040000 1.000000
-0.166667 0.046667 1.000000
-0.166667 0.053333 1.000000
-0.166667 0.060000 1.000000
-0.166667 0.066667 1.000000
-0.166667 0.073333 1.000000
-0.166667 0.080000 1.000000
-0.166667 0.086667 1.000000
-0.166667 0.093333 1.000000
-0.166667 0.100000 1.000000
-0.160000 -0.100000 1.000000
-0.160000 -0.093333 1.000000
-0.160000 -0.086667 1.000000
-0.160000 -0.080000 1.000000
-0.160000 -0.073333 1.000000
-0.160000 -0.066667 1.000000
-0.160000 -0.060000 1.000000
-0.160000 -0.053333 1.000000
-0.160000 -0.046667 1.000000
-0.160000 -0.040000 1.000000
-0.160000 -0.033333 1.000000
-0.160000 -0.026667 1.000000
-0.160000 -0.020000 1.000000
-0.160000 -0.013333 1.000000
-0.160000 -0.006667 1.000000
-0.160000 -0.000000 1.000000
-0.160000 0.006667 1.000000
-0.160000 0.013333 1.000000
-0.160000 0.020000 1.000000
-0.160000 0.026667 1.000000
-0.160000 0.033333 1.000000
-0.160000 0.040000 1.000000
-0.160000 0.046667 1.000000
-0.160000 0.053333 1.000000
-0.160000 0.060000 1.000000
-0.160000 0.066667 1.000000
-0.160000 0.073333 1.000000
-0.160000 0.080000 1.000000
-0.160000 0.086667 1.000000
-0.160000 0.093333 1.000000
-0.160000 0.100000 1.000000
-0.153333 -0.100000 1.000000
-0.153333 -0.093333 1.000000
-0.153333 -0.086667 1.000000
-0.153333 -0.080000 1.000000
-0.153333 -0.073333 1.000000
-0.153333 -0.066667 1.000000
-0.153333 -0.060000 1.000000
-0.153333 -0.053333 1.000000
-0.153333 -0.046667 1.000000
-0.153333 -0.040000 1.000000
-0.153333 -0.033333 1.000000
-0.153333 -0.026667 1.000000
-0.153333 -0.020000 1.000000
-0.153333 -0.013333 1.000000
-0.153333 -0.006667 1.000000
-0.153333 -0.000000 1.000000
-0.153333 0.006667 1.000000
-0.153333 0.013333 1.000000
-0.153333 0.020000 1.000000
-0.153333 0.026667 1.000000
-0.153333 0.033333 1.000000
-0.153333 0.040000 1.000000
-0.153333 0.046667 1.000000
-0.153333 0.053333 1.000000
-0.153333 0.060000 1.000000
-0.153333 0.066667 1.000000
-0.153333 0.073333 1.000000
-0.153333 0.080000 1.000000
-0.153333 0.086667 1.000000
-0.153333 0.093333 1.000000
-0.153333 0.100000 1.000000
-0.146667 -0.100000 1.000000
-0.146667 -0.093333 1.000000
-0.146667 -0.086667 1.000000
-0.146667 -0.080000 1.000000
-0.146667 -0.073333 1.000000
-0.146667 -0.066667 1.000000
-0.146667 -0.060000 1.000000
-0.146667 -0.053333 1.000000
-0.146667 -0.046667 1.000000
-0.146667 -0.040000 1.000000
-0.146667 -0.033333 1.000000
-0.146667 -0.026667 1.000000
-0.146667 -0.020000 1.000000
-0.146667 -0.013333 1.000000
-0.146667 -0.006667 1.000000
-0.146667 -0.000000 1.000000
-0.146667 0.006667 1.000000
-0.146667 0.013333 1.000000
-0.146667 0.020000 1.000000
-0.146667 0.026667 1.000000
-0.146667 0.033333 1.000000
-0.146667 0.040000 1.000000
-0.146667 0.046667 1.000000
-0.146667 0.053333 1.000000
-0.146667 0.060000 1.000000
-0.146667 0.066667 1.000000
-0.146667 0.073333 1.000000
-0.146667 0.080000 1.000000
-0.146667 0.086667 1.000000
-0.146667 0.093333 1.000000
-0.146667 0.100000 1.000000
-0.140000 -0.100000 1.000000
-0.140000 -0.093333 1.000000
-0.140000 -0.086667 1.000000
-0.140000 -0.080000 1.000000
-0.140000 -0.073333 1.000000
-0.140000 -0.066667 1.000000
-0.140000 -0.060000 1.000000
-0.140000 -0.053333 1.000000
-0.140000 -0.046667 1.000000
-0.140000 -0.040000 1.000000
-0.140000 -0.033333 1.000000
-0.140000 -0.026667 1.000000
-0.140000 -0.020000 1.000000
-0.140000 -0.013333 1.000000
-0.140000 -0.006667 1.000000
-0.140000 -0.000000 1.000000
-0.140000 0.006667 1.000000
-0.140000 0.013333 1.000000
-0.140000 0.020000 1.000000
-0.140000 0.026667 1.000000
-0.140000 0.033333 1.000000
-0.140000 0.040000 1.000000
-0.140000 0.046667 1.000000
-0.140000 0.053333 1.000000
-0.140000 0.060000 1.000000
-0.140000 0.066667 1.000000
-0.140000 0.073333 1.000000
-0.140000 0.080000 1.000000
-0.140000 0.086667 1.000000
-0.140000 0.093333 1.000000
-0.140000 0.100000 1.000000
-0.133333 -0.100000 1.000000
-0.133333 -0.093333 1.000000
-0.133333 -0.086667 1.000000
-0.133333 -0.080000 1.000000
-0.133333 -0.073333 1.000000
-0.133333 -0.066667 1.000000
-0.133333 -0.060000 1.000000
-0.133333 -0.053333 1.000000
-0.133333 -0.046667 1.000000
-0.133333 -0.040000 1.000000
-0.133333 -0.033333 1.000000
-0.133333 -0.026667 1.000000
-0.133333 -0.020000 1.000000
-0.133333 -0.013333 1.000000
-0.133333 -0.006667 1.000000
-0.133333 -0.000000 1.000000
-0.133333 0.006667 1.000000
-0.133333 0.013333 1.000000
-0.133333 0.020000 1.000000
-0.133333 0.026667 1.000000
-0.133333 0.033333 1.000000
-0.133333 0.040000 1.000000
-0.133333 0.046667 1.000000
-0.133333 0.053333 1.000000
-0.133333 0.060000 1.000000
-0.133333 0.066667 1.000000
-0.133333 0.073333 1.000000
-0.133333 0.080000 1.000000
-0.133333 0.086667 1.000000
-0.133333 0.093333 1.000000
-0.133333 0.100000 1.000000
-0.126667 -0.100000 1.000000
-0.126667 -0.093333 1.000000
-0.126667 -0.086667 1.000000
-0.126667 -0.080000 1.000000
-0.126667 -0.073333 1.000000
-0.126667 -0.066667 1.000000
-0.126667 -0.060000 1.000000
-0.126667 -0.053333 1.000000
-0.126667 -0.046667 1.000000
-0.126667 -0.040000 1.000000
-0.126667 -0.033333 1.000000
-0.126667 -0.026667 1.000000
-0.126667 -0.020000 1.000000
-0.126667 -0.013333 1.000000
-0.126667 -0.006667 1.000000
-0.126667 -0.000000 1.000000
-0.126667 0.006667 1.000000
-0.126667 0.013333 1.000000
-0.126667 0.020000 1.000000
-0.126667 0.026667 1.000000
-0.126667 0.033333 1.000000
-0.126667 0.040000 1.000000
-0.126667 0.046667 1.000000
-0.126667 0.053333 1.000000
-0.126667 0.060000 1.000000
-0.126667 0.066667 1.000000
-0.126667 0.073333 1.000000
-0.126667 0.080000 1.000000
-0.126667 0.086667 1.000000
-0.126667 0.093333 1.000000
-0.126667 0.100000 1.000000
-0.120000 -0.100000 1.000000
-0.120000 -0.093333 1.000000
-0.120000 -0.086667 1.000000
-0.120000 -0.080000 1.000000
-0.120000 -0.073333 1.000000
-0.120000 -0.066667 1.000000
-0.120000 -0.060000 1.000000
-0.120000 -0.053333 1.000000
-0.120000 -0.046667 1.000000
-0.120000 -0.040000 1.000000
-0.120000 -0.033333 1.000000
-0.120000 -0.026667 1.000000
-0.120000 -0.020000 1.000000
-0.120000 -0.013333 1.000000
-0.120000 -0.006667 1.000000
-0.120000 -0.000000 1.000000
-0.120000 0.006667 1.000000
-0.120000 0.013333 1.000000
-0.120000 0.020000 1.000000
-0.120000 0.026667 1.000000
-0.120000 0.033333 1.000000
-0.120000 0.040000 1.000000
-0.120000 0.046667 1.000000
-0.120000 0.053333 1.000000
-0.120000 0.060000 1.000000
-0.120000 0.066667 1.000000
-0.120000 0.073333 1.000000
-0.120000 0.080000 1.000000
-0.120000 0.086667 1.000000
-0.120000 0.093333 1.000000
-0.120000 0.100000 1.000000
-0.113333 -0.100000 1.000000
-0.113333 -0.093333 1.000000
-0.113333 -0.086667 1.000000
-0.113333 -0.080000 1.000000
-0.113333 -0.073333 1.000000
-0.113333 -0.066667 1.000000
-0.113333 -0.060000 1.000000
-0.113333 -0.053333 1.000000
-0.113333 -0.046667 1.000000
-0.113333 -0.040000 1.000000
-0.113333 -0.033333 1.000000
-0.113333 -0.026667 1.000000
-0.113333 -0.020000 1.000000
-0.113333 -0.013333 1.000000
-0.113333 -0.006667 1.000000
-0.113333 -0.000000 1.000000
-0.113333 0.006667 1.000000
-0.113333 0.013333 1.000000
-0.113333 0.020000 1.000000
-0.113333 0.026667 1.000000
-0.113333 0.033333 1.000000
-0.113333 0.040000 1.000000
-0.113333 0.046667 1.000000
-0.113333 0.053333 1.000000
-0.113333 0.060000 1.000000
-0.113333 0.066667 1.000000
-0.113333 0.073333 1.000000
-0.113333 0.080000 1.000000
-0.113333 0.086667 1.000000
-0.113333 0.093333 1.000000
-0.113333 0.100000 1.000000
-0.106667 -0.100000 1.000000
-0.106667 -0.093333 1.000000
-0.106667 -0.086667 1.000000
-0.106667 -0.080000 1.000000
-0.106667 -0.073333 1.000000
-0.106667 -0.066667 1.000000
-0.106667 -0.060000 1.000000
-0.106667 -0.053333 1.000000
-0.106667 -0.046667 1.000000
-0.106667 -0.040000 1.000000
-0.106667 -0.033333 1.000000
-0.106667 -0.026667 1.000000
-0.106667 -0.020000 1.000000
-0.106667 -0.013333 1.000000
-0.106667 -0.006667 1.000000
-0.106667 -0.000000 1.000000
-0.106667 0.006667 1.000000
-0.106667 0.013333 1.000000
-0.106667 0.020000 1.000000
-0.106667 0.026667 1.000000
-0.106667 0.033333 1.000000
-0.106667 0.040000 1.000000
-0.106667 0.046667 1.000000
-0.106667 0.053333 1.000000
-0.106667 0.060000 1.000000
-0.106667 0.066667 1.000000
-0.106667 0.073333 1.000000
-0.106667 0.080000 1.000000
-0.106667 0.086667 1.000000
-0.106667 0.093333 1.000000
-0.106667 0.100000 1.000000
-0.100000 -0.100000 1.000000
-0.100000 -0.093333 1.000000
-0.100000 -0.086667 1.000000
-0.100000 -0.080000 1.000000
-0.100000 -0.073333 1.000000
-0.100000 -0.066667 1.000000
-0.100000 -0.060000 1.000000
-0.100000 -0.053333 1.000000
-0.100000 -0.046667 1.000000
-0.100000 -0.040000 1.000000
-0.100000 -0.033333 1.000000
-0.100000 -0.026667 1.000000
-0.100000 -0.020000 1.000000
-0.100000 -0.013333 1.000000
-0.100000 -0.006667 1.000000
-0.100000 -0.000000 1.000000
-0.100000 0.006667 1.000000
-0.100000 0.013333 1.000000
-0.100000 0.020000 1.000000
-0.100000 0.026667 1.000000
-0.100000 0.033333 1.000000
-0.100000 0.040000 1.000000
-0.100000 0.046667 1.000000
-0.100000 0.053333 1.000000
-0.100000 0.060000 1.000000
-0.100000 0.066667 1.000000
-0.100000 0.073333 1.000000
-0.100000 0.080000 1.000000
-0.100000 0.086667 1.000000
-0.100000 0.093333 1.000000
-0.100000 0.100000 1.000000
