6.1088670571106984 -3.9763663741504511 -1.797375
-6.6970585181910041 6.7720009467890616 0.364805
0.81390551907417752 6.6495676892680464 -2.659661
3.6605291270418849 -6.9877283724597632 -1.780055
6.9359649523195124 0.67703522103808922 -1.548201
-0.60694938365303486 0.79177436801550805 -0.094708
6.887288166240193 5.0409445227628691 -1.353951
-3.321501807457186 6.9949463406183874 -1.114682
1.0070496995432201 -6.9318613314557123 -0.389083
-3.0993360187550598 -2.3197525684993483 0.128776
-2.9969480144065903 -2.3936212848412346 -1.060844
-6.9383884198318562 2.6795010347682098 -1.618487
-6.742711165837358 3.0636316632965794 -1.849161
1.7688372716076053 -2.0893028237626545 -0.349183
1.890493269613664 -2.2450703774844634 -0.594977
-3.6717917569960616 -6.7380426303910737 -0.427358
-1.5719872265850938 -0.29146836703695644 0.781814
0.4376064905801158 -1.7395741833236373 -0.255347
0.17503739675593089 -1.4878073734106065 -0.961811
-6.966870165159869 -2.0782168253263693 0.154506
-6.836381856522209 -2.2421284351896391 -0.129646
6.5600547910761424 -6.8487462969968202 -0.433462
-5.4030961073545694 -6.6779955171891681 -0.253268
0.92907386403329717 1.7633405538451701 0.721714
6.9428781496820307 -2.2765562441882601 -0.493869
-2.9400033939643642 1.1341994975787237 0.411652
-2.4925895539744998 0.94313422471188879 0.170218
3.3275914957815651 -2.1082024783657243 -0.312316
2.449442132638497 -0.47054008031331218 0.045617
4.8656450147283454 6.8559743791871224 -0.648590
-0.9014456316144166 -6.8499839200475012 -0.231754
-6.4739498612272826 1.005013088938469 0.232248
-6.9940670564505956 1.3033992305254767 0.028195
-0.26686653044154252 0.087875431269170967 1.098829
6.5855092647968227 2.4609720158945763 -2.120940
-6.922409387567054 -6.4213670506337257 -1.204099
0.9947622080326477 -0.56085493381399143 0.470060
6.8260667138731215 6.9324871421512331 -1.087680
2.1477422948810876 6.8228524380842792 -2.519735
0.18459047005207019 4.2303297139177474 1.011657
