-6.8188665927207444 -3.1858744753918313 1.374348
6.8511872027425262 1.9932723004036941 -1.210018
-0.50236473157149408 6.9303422182351966 -0.883215
0.062084230242703597 0.13512972261078993 2.730361
1.4556922875611704 -6.3727396286227966 -2.982048
1.3336961370720779 -6.9804744596704511 -0.956370
-6.8548907096404887 3.6123419913605606 -1.765427
6.3168507358863675 -6.9632596252868835 -0.349885
-1.8689953272674185 3.4191108085875861 -1.008068
-6.4844079146732376 2.8065112628299591 -1.370114
-3.7001913146075571 -6.7161438005909897 -1.131247
3.5655406923717923 6.8931671277546247 0.240559
6.9764677777109085 5.1172684512114301 -1.063313
-6.0652669157197803 0.39744773314187043 -0.262748
-6.8402233861875263 -6.0001724900854558 -2.122976
-6.5633187770985204 -5.9789653344107352 -0.213282
1.8221818983073668 1.4043227857579605 -0.195482
1.8949540681006329 0.97195523921081506 -0.526987
-0.15814772631494556 -3.6995953079430968 -0.078865
-2.1945997251200158 -1.3974500267489063 -0.252999
-1.9028909528047802 -0.87857331202963618 -0.320448
-6.8782109651217009 -4.0112657082601313 -2.791372
-6.8686023178525826 -3.9800080881006963 -0.310065
0.2904913574474115 -6.394062836923867 -0.085140
1.2508349128595313 -1.1543428984337769 0.921658
6.8456587510235316 -2.0449655621964409 -2.319260
6.8049244486021685 -1.8512341669916088 -2.262073
2.5884564581518834 -4.9290214850446077 0.111201
-6.6980921093091803 -2.3804107348004182 -1.019493
0.15708741438005802 2.1502710599847763 -0.646138
2.7538190547249179 -6.8359532648706232 -1.567419
-0.76876449583459472 -0.20785009778542918 1.376699
-2.7832068852540592 -0.22964563022037687 0.515820
-6.9104355486768965 -2.152363088017986 -2.501340
-1.7935738764335944 -5.7222120652422452 0.114893
-0.69142844706019613 3.2515620628208044 -0.593698
-6.8673973679705176 -4.5317694091325365 -2.142050
0.79602953370543261 0.6097161326720224 0.429886
1.0922564352704356 -5.1963021950711896 -1.202553
2.7214107758929096 -0.21851881364602743 -0.045524
