-6.2761333538440027 6.5993560127488724 -3.173987
6.7133946959273541 -1.1069523209423995 0.284888
-2.7045826766091405 -6.0726455309337446 -3.684437
3.4718511599732551 6.8095014631682478 -1.114104
5.9763796667715816 2.5965394955040093 -1.563723
6.880178006960783 4.0561217853953817 -0.245443
5.4379310101825684 -6.9083506065649569 -1.189082
6.9057129412803118 5.4663244463758716 0.766745
-6.6214428220448145 -0.033981202263424493 -0.498938
-0.62361712026514393 3.4762750101177122 0.557069
-0.89164293755055368 6.554952368476588 -0.719792
4.7410664323645975 6.7512680535851519 -0.567355
1.0454617169528966 -0.780775600749676 0.441767
-4.0744857289353398 6.6766186871034439 0.077889
1.1711159794282544 -0.78980029753721226 0.097054
-4.386384357359467 6.8873390453833387 -1.642126
2.3469157931128386 -6.6372470412457725 0.093284
-0.22779737468442463 -6.5330290256428309 1.285329
-2.1119542916576837 -1.9794893816164842 -0.824043
-6.805381058069595 -3.8859056011812854 -0.927139
-2.6263145653792215 -6.9230822327213604 -0.475405
-1.8614253201945994 -6.711783151251649 -0.364088
0.92208634430016634 6.8273127672335931 -0.391385
-6.7991165697218401 2.8216619655913799 1.204953
-6.6734098600392571 -6.3304257107986723 -0.874902
-6.8843601704917701 3.1795576712911675 -1.687364
-3.1588590450769338 -6.6910551733927557 -1.700298
-2.5260939336557779 -6.9707175735092015 -0.747131
-4.3018717471950634 -6.9280788452560662 -0.802224
-6.7027424626415106 3.8940137323076272 -1.941243
-2.1999548561255642 2.3198077874917384 -1.339107
-6.5101636316048541 1.7515105495318206 -1.219284
-1.655275890931855 -3.5735945956812252 -1.236235
0.62944292440609573 0.40958900345474802 0.573246
-0.10281575359965522 -2.9167602164157636 0.629826
0.25767349597075828 -2.3629629262331759 -1.386570
-0.31631538794878189 0.052398349232928965 1.045839
6.6138449929621892 -4.2860318652380833 -2.581904
6.748970947780192 -4.6397750021801718 -0.935360
2.7870110999384075 -0.48330210301002374 -1.479779
