-6.8042059703740314 6.7208836113310664 -1.048107
6.9539818964564866 -3.6342225531115129 -0.814573
-6.6889399374139984 -3.6075383145861424 1.317163
-0.51525851099974673 6.7161391103829597 -0.136261
-0.84171176073098497 -6.9151740217580597 0.802360
-0.28411628506688391 -6.801256840120816 -0.903079
-1.025583186058137 0.68335593632329683 0.756371
0.044281597570678954 -0.81238674490145968 2.281463
-6.7916796310085523 0.28272628440413872 -0.024928
0.26548299057216873 -0.47577976481370943 0.030455
3.0568309367259978 6.5815666302979814 -0.565925
2.932964181852542 6.664440723051408 -2.236428
2.8420587748521626 -6.1718605061686977 -0.203918
0.85150762142071024 -0.52759095334899264 -1.167648
-2.8406792323046934 -6.6590714687581727 -3.385556
0.51433804317458254 -6.843962253976879 -0.239826
-3.407694222329448 -6.8767720010899014 -0.248419
1.8051099105666246 -0.93512088224554546 -1.457975
-1.8390637662261149 -1.885825809712939 -1.259399
6.7537095575786115 -6.7315957979253165 -1.783899
-0.40100294449043883 -1.9460930165959347 0.003380
6.8498407067479086 0.33281203138675064 -1.032707
1.6373995117810463 6.8049323139171847 0.082398
6.9583853731134546 0.10392558813744301 0.322154
-1.6756341110239266 -0.87644515767473763 0.552488
-6.9141591695187765 -4.6699053745139585 -0.639513
6.0908437988194706 2.7455018296759057 -1.681141
-4.3225229097828155 -6.9330581014499879 -1.534882
-1.9896042905735678 3.6108662043478486 -0.810548
-1.8715821090556251 -6.5336179060973167 0.052892
-2.3937849702533391 -6.9026237426573633 -1.238981
4.8477272398005748 -6.6986844442846092 -1.305658
-6.1753524233708683 1.9303864853233748 -0.201019
-6.5999952047025836 4.3615546328453636 -1.725313
-0.18445164904373446 0.63889989997147545 1.424743
-1.8654297830338216 0.22571748032895211 0.118468
0.49463840227470879 -2.9542716297899041 0.409257
-4.8251590252451377 6.9116133972955982 -1.462241
0.63224690620558199 6.5245780105941371 -0.726013
2.3163688658218682 6.3885917305753743 -0.551619
