3.3650871858380906 0.9338087312233263 0.522312
-6.9652581596993528 -5.5264461597112469 -0.636690
2.1501940811173021 6.7332332354798368 -1.136811
-6.2226425048003797 -0.57379398867553899 1.807271
6.9475398034727363 -6.8189757887881033 -1.338602
2.0936858102957814 -6.6849652040612701 0.106619
-6.0377878040673876 6.9267645283121588 -1.261276
0.22146927688050155 0.18277052117417458 1.860304
-0.7149294000120312 0.16174513670455326 1.314972
-6.0771283405707743 6.8379734557943745 -1.806313
6.8433570651643763 -2.2962346899006985 -1.683478
6.747232232282979 -1.6644378004081624 0.274817
2.084078654994066 -1.0402289976762757 -0.986279
-2.8213366634960622 -6.6038637829631934 -1.484620
6.9879893044798251 5.1998462651279223 -0.593577
-1.4764622482049665 5.7411270186923176 -2.216219
-1.1509022525598525 4.4334651157747516 -1.643103
3.5129483366637402 6.4835187916313473 -1.589837
0.025704183685892446 1.6789084580495519 0.131085
4.6444985610847933 -6.9392346705464689 -0.675844
-6.5541326825356032 -2.5173539420262205 0.421450
-3.529924943412178 -1.922040488405699 -1.735973
-6.9680475225258238 1.3220138022867776 -1.596344
-2.7059031113322112 -1.4620246795598648 -0.506683
-6.6269498676315166 3.235798391845897 -1.030168
-6.4064563938749872 -5.8614829609736647 -0.409098
-2.6073048746231295 -1.2810247890980149 0.552432
-3.3556519301979346 -0.14492601425491181 -0.177992
-0.7123775177311078 0.80016871462284112 0.687092
-6.7681853799562832 -0.045595781716452954 -0.005568
6.6144725657729389 -1.2507405600351094 0.751249
-6.5929401010686552 5.2092713783629581 -0.481754
-6.7692794817906243 4.8789856794257336 -1.733796
-0.59859464070218937 -1.5295562806732468 -0.455345
-2.58903767559028 1.35935513739215 -1.151867
-0.81127192510865243 -2.1365571641449348 -1.381747
-3.8835587741640163 6.8617855568068649 -1.932961
-6.746969193944679 -3.7499349348677558 -1.439096
-6.7928782159455219 -3.7930548879390371 -0.689692
-6.8727322136397602 -3.7309184703367091 0.001271
