-4.1288745386944194 -6.4051080637537945 -0.221763
-6.8727452702816176 2.5750146505003713 -0.545494
6.7151503612560273 2.2617150711771128 -1.037415
6.9721172091103316 -2.8071763918152488 -0.267474
2.5819538021819302 -4.0685957961929322 0.825040
2.310757597177723 -3.900807479093868 -1.027932
6.9248749738208222 4.7522959079304563 -0.379425
-0.95555159454413374 -0.83346960968946782 -0.288413
-0.56092061370626833 -0.64350193373520259 0.319593
-6.9259462804652534 -1.9193979748816767 -0.822568
-6.9271997535420056 -1.7893285016728768 -1.604797
6.7335134822081439 -6.8739086183012459 -1.455695
1.0073816734390206 -0.52390921006871238 1.107011
-6.8169552691766473 0.20386974476686071 -2.257785
-0.98899081511391262 2.0085135843154109 -1.385204
-0.81678090848821849 2.1652097587402857 -0.705843
-0.51980308735523817 -6.829511286869705 0.753000
-0.74680946330657072 -6.9906496860161402 -1.624093
-6.9842170716143235 -5.9170440996357954 -0.153976
-0.024730867639557452 6.9535224629672854 1.233646
3.8380245711572325 6.860155852625649 -1.094213
-2.8222104299211388 6.8222789453114459 0.283519
0.39653270371146565 6.6676564918116306 1.288363
0.42924342574373675 6.1567047715717571 -0.855049
6.7585088305649528 -1.0048829987653622 -1.607078
-6.8447912888938127 6.0642867923581871 -0.610046
-6.951076611255397 6.630352308175361 -1.512196
6.6717385437377477 -4.9566140115896049 -1.494435
-6.6351200368962164 -2.6049796281148234 0.073547
0.91174729033816693 2.6475165454337635 -0.624447
0.28814525962410098 -4.6611214167083732 0.644594
3.2931030004090722 1.1034821468782923 0.644556
-2.4534000872395358 1.2003453979309242 1.574142
-0.30709604832183324 0.25108643615861581 -0.254697
2.0861456849522213 -1.9261370130486863 -2.035011
-2.4724699846423182 1.2376395761538692 -1.818729
-2.8336002633508679 1.3885553079886446 -1.944977
3.9171698415648191 -6.3646473985822736 -2.754511
-1.7078283209333582 -6.9920961764059175 -0.148293
2.8877909021197041 -6.918335983869988 -1.489299
