-1.4583746832896303 -2.3214669096498488 -2.668710
-2.0589507398592399 6.4228104927418794 -1.891075
6.9891480233176644 1.6630299861519191 -2.158989
2.0767558415364675 -6.923414686027618 -1.702608
-6.5931628398474196 6.9882713290974205 -2.426076
5.3905294920620435 -6.1533935072337522 -0.464452
6.0464822968147409 -6.8677215001171774 -1.227973
3.7457004828864786 6.3884948075124814 0.432935
4.0888009851195513 6.8095234928998902 1.407402
-3.512939029798928 -6.7689054521382683 -1.853815
5.0924923625774934 -2.0726299457314834 -1.918128
-6.9746533220873879 1.1664478380970795 0.011010
-6.9816011465630972 -5.0446949590716788 0.226484
1.1008951801790232 0.46532679517755948 0.812335
1.5531504679060895 0.47623162351464998 -0.126583
1.0842277711419825 0.59876018414493437 0.308762
6.9834317677935545 -2.7322583194682153 -1.356257
0.83198975190916169 5.2415831666128856 -0.677288
1.3704214366628662 6.9608111168161351 -2.324063
-0.83958771604482241 0.7689758327750349 0.836001
-0.73300499700944677 0.53418685047022141 0.629932
-0.4994519290402879 -6.8753468332500525 -0.114332
-0.68202211467847818 -6.5655676531731135 -0.976403
1.9598335561481495 2.184698563162506 -1.191587
-6.9516711205270862 4.0834393672783733 0.026754
1.9930399336547762 2.1676346801797983 -1.479204
6.6276590904497201 6.7339835619543322 -1.503246
-6.5596105265941409 4.2940649677733465 -0.014482
0.067885901008231997 -1.059202593676984 2.157554
-0.078064578115230709 -1.0348705899419883 1.443479
-6.5664089440034541 -6.7758805907149888 -1.715766
0.19115519664797009 1.3493769771620805 1.100518
-5.7775708129164638 -6.5975061154180192 -1.720991
1.2349216577477584 -1.4810864588568222 -1.219973
-1.6558637406260193 -6.994083604115521 -1.012082
-2.7956505744372251 3.3242168164817105 -0.296847
2.9642318118527804 1.4297091246713229 -1.357858
-0.15436910615803523 3.5799148105833236 1.195077
-0.16668852837505099 3.0649371612847407 0.752710
-1.1315426949183243 -0.58995059579857667 1.767387
