6.7881926386636415 4.1591094807631919 -1.136519
-5.8424415586445075 -5.2208319540592161 -2.088441
3.8378700279512472 -2.4449108939470312 0.332942
-1.4925862760793134 -6.9932856863488162 -1.472266
6.7670420105367537 0.8643431307582139 -0.582841
2.0353313945292477 -6.9831751090069236 -0.265487
-1.7029691084790395 6.9989519571094281 -1.064953
2.6763781464581538 -0.42486181550381641 -0.558913
-5.8943571330515043 6.6774977542420899 -1.237956
4.2386157675954177 6.6528294441797478 -0.814159
3.3081732402849955 6.8508855057004201 -2.544979
-0.8009977323016777 0.34574023874227944 1.302939
-0.62382613545344956 -1.5791298841987444 1.277818
-0.26319901644454724 -1.9505319076341099 0.040772
0.018152079759948592 2.0848661587605566 -0.737258
-6.2415841617629502 2.0400163582039585 -0.908968
-6.7870229007383998 2.2228242418858901 -1.801919
0.58963857148127019 -0.40754909741763434 0.411437
-3.5838093128664568 -6.9888915916671559 -1.043786
0.76514694818893503 6.4675510815689599 0.253463
0.52254861008357434 6.8634771332062101 0.141482
0.81008835589463324 6.9166565674866654 -0.405743
-3.3908690917182556 -1.575014782363013 -0.277555
2.1631161487528878 6.409801020081952 -0.164851
0.41238004852122856 0.64095885739817682 -0.090617
-6.9992231729651788 -2.1681890800751642 -2.859047
-6.9096342347396735 -2.1588963257311153 -2.115482
-2.6116907816434667 -1.193652713341713 -0.176898
-5.7593575854262387 0.49667194076895171 -0.909731
-2.5782607711919976 -2.7300290346040228 -0.439420
1.6953229125887912 -2.5163550665444969 0.350008
-5.3140009332394289 -6.7588149786702436 0.216919
-5.6320112567055212 -6.9066305751866146 -0.996351
4.4131873852916499 6.27287665236679 -2.571224
6.5211242961097753 6.4417882213353828 -2.287409
6.4160502084764541 6.8572441477430672 0.141958
-4.3111577391242948 6.6184274877540581 -0.345195
6.8297949461539318 -2.2510441861194979 -1.200792
6.9016933805203866 -2.3285720891238562 -0.960406
1.4662178749891712 3.550172797569763 -0.092232
