2.524045296494414 6.8702377406347708 -1.172069
0.85955352813727171 -1.8927997139818906 -1.785811
6.8295137940321453 3.6790814819739825 -0.236318
-3.1088570216781459 6.64679629231434 0.335563
-6.28075454068113 -6.4599155782775233 0.510412
-6.817119444360741 -6.7022821845832121 -1.095331
-4.6773474978493628 -0.058843808127129194 1.147937
-3.3978459110587798 -0.28609176706857564 -1.098440
0.53373523875006068 0.29544288867096302 2.064594
0.5366896931820957 0.1765942042953661 -0.398208
3.3696781817904693 -6.0111747469834684 -2.246541
-6.903971550076939 -1.4519618258983922 -2.442712
-6.9705536148740688 6.8522617283362042 -1.036383
-6.8002942579711494 0.48042255021099045 -0.910292
-6.9183602727451197 3.1276763794937583 -1.269823
-2.1642141433278823 -6.9426941985927382 -0.915716
-2.8346130872728992 -1.0869336810033214 -1.202144
-6.8857395765964089 -2.1413993355217933 -0.802450
0.17795272298541231 6.9543946653288522 0.019859
-6.8275692992447023 -1.4005976047860642 -0.532425
6.9766320778260429 -2.1042965000044482 -1.625099
-1.0674214774014761 0.45515199829516551 1.001719
6.5541619928395516 -6.3540283738927323 -3.119108
3.0739663566901676 1.1735258457017181 0.357331
-1.5786114533197599 0.50066452506934134 -0.161291
6.8081578762664616 -0.11160206850974674 0.006352
6.8376425482266132 6.7340531934616195 -0.502157
6.7373070865331606 0.33226101941261632 -0.665053
1.4497926135465402 2.8866416655516609 -0.656432
1.2787552439946808 2.6617529606385979 -1.266743
1.5017870510892593 2.2912638724075158 0.112386
-4.611175253437592 -6.9014026339052466 -1.438899
-6.538699910867237 -0.5724253870177618 -0.558426
-4.4418146219262162 -6.9809751440563197 -1.045082
1.2665371780645067 -6.7486796408808969 1.098351
0.89626473887917957 -6.6859010770448517 -0.230598
1.099928648384795 -6.9128528814499557 -0.731752
-6.7597637514273403 -5.8214287884875153 -1.546100
0.20426529773347024 0.96520978852848405 0.358744
-5.4286051527863854 0.42210525210803418 -0.877326
