6.5349710131557668 -5.7282539922895594 0.377135
4.6265467960465312 6.8737391211073202 -1.041084
-6.8141325411201619 6.64883218752205 -0.090746
-0.31727618845419592 0.00049935915481746918 0.502421
0.76440738609939451 -6.8215175382235493 -0.201350
0.63734147502409666 -6.6818225274910343 0.689737
-6.8299348658542094 -1.0184709109737629 -0.797960
-6.9938147979416456 0.6817998008381565 -0.455062
1.188093029895267 1.5565879619165806 -1.146094
1.4121664098201645 1.4095200846552789 -1.685824
6.9964370795835045 -0.44212585338915122 -1.403437
6.5045353890741033 -0.55437841568274138 0.494662
6.9307209883779173 -0.82696655674559238 -1.259801
-6.9053926477994079 -5.1838295541597361 -0.619284
0.16845891765052023 6.8815670605526211 0.285004
-0.22717431705993807 6.9007196971465827 -0.433284
-0.068938136752923818 6.706436347418089 0.285247
-6.9695157485985666 4.1671603906982693 0.007347
0.99171868671095353 -2.2645140057234006 0.621745
6.9322124894662132 -3.3250787319662392 0.085206
6.6820597631008667 0.78663577098494741 -1.243188
-1.6605185816937427 1.0420295167853659 -1.043207
1.2491676460706351 5.8738196430054916 -0.412138
-3.4940081793289828 -6.9558808769745619 -0.800972
-1.5890470328933839 -1.1960790470584612 1.140615
-0.24588720922912088 2.1106949541924784 -0.851974
1.2057063934242791 -1.1379191085632518 -0.746163
0.53163109230885208 0.66637294075543529 0.825989
0.42748644756481724 0.60975695156209486 -0.546251
0.62884902704795387 0.73506188418505403 0.183688
1.5371499726935056 6.8169792159462386 -1.345241
0.7289899104630484 3.5131472283618095 -0.774169
2.9732562014176196 -6.5103243915140041 -1.030613
2.9858768785664171 -6.8819803726467432 -2.024263
2.1222144694209426 -6.9401959222405711 -0.864308
0.77319584680621833 -1.5805568411523305 1.921868
3.6040820577918158 -6.9820587071488571 -2.597664
-6.853825872470078 -6.7704735591120562 -0.447563
-6.3957753626553124 -6.7574288348232212 -0.720681
6.9210475433217695 6.4337959626918675 -0.005398
