-2.529027621125957 0.91701865976830099 -1.140015
1.7323091916243989 -6.8240738742028864 -1.212521
6.1219534529548199 6.9989304965129051 -1.052927
-3.240324661411556 -6.6415766417080953 -1.931210
0.20538628398562242 1.7602359379792762 1.997402
0.40702133483270586 2.667656558182868 0.972781
6.5932036090758892 6.610773742014052 -0.660840
-2.20164036948246 6.9456663695129564 -1.132177
-6.9283353946904391 -2.8820764727090822 -2.197723
2.2778497054088085 -1.2364912605942902 -0.509711
6.5357726719646401 -5.6271248852475271 -1.378678
-0.44587577297990499 -3.6224484184819503 -1.252274
6.8610000910289966 0.25129866998225303 -1.270016
-6.9853744925793766 6.6966685418817669 -2.843193
1.3234388128564216 6.7154450068512777 -0.271783
-6.6456031898529773 2.5873692297405615 -0.864031
-0.51199995560065137 -0.13878519309276349 -0.117666
-0.74351290866200248 0.29776277955498287 1.294122
-5.940209157969961 -4.6483820668333218 -2.253972
1.3391886551142917 3.4958931489764158 0.433062
6.8893284352887996 -2.3085367871731108 -0.970882
-1.2961405210876062 -6.9703014602397539 -0.930884
-4.4350300987233373 6.7413976586888609 -0.703885
-6.7596562020700546 4.5896661135402308 -3.617152
-1.3092003151835261 1.952861120056852 -0.684024
-6.8976153452691857 1.9033791826134792 -0.223587
-2.9355387063333902 2.9919839334089566 1.521257
-1.5205709364414455 -1.6372149425722755 -1.220082
-4.0565546961504264 -6.7757992726566254 -0.065330
2.5337499789016338 1.3624249294746971 -1.170846
-6.7138092553316326 5.823475839596151 -1.100561
-0.0090115375285515498 4.7367447738158859 -0.524724
-2.6548014568108833 0.41299395425096375 -0.015425
-6.5858886546615683 4.2720112149619336 0.435754
-6.4953858107823956 4.2379332129131733 -1.298230
-6.5979359808186775 4.619532038674226 -1.415685
-3.3883203406434386 4.468140093652794 -1.858204
-5.3797406564754695 -6.6198468400385604 -2.237857
-5.1047447574859133 6.7559943602438324 -1.557462
2.7903685087806842 6.8106181879762229 -1.287225
