6.8249011505637416 4.4480992901737864 -2.013421
-6.7677573101263153 -1.5914557048075659 -1.730969
0.6215469342974469 -3.2863067110574518 0.351315
-3.4663219079147605 -6.9665278411268767 -0.987199
-3.860777197060778 3.9867210666410067 -0.442439
-2.9524555598259337 6.2105616138767807 -0.009378
6.7522218544830839 -4.3462252901626943 -1.695935
6.9715646093407138 -5.359104522226926 1.089027
-6.6209553805146033 2.1479766906667184 -0.658281
6.5850771621270141 -1.8963923457722114 -0.466163
6.7168298268420568 -3.0722658252921011 -1.029186
3.2157311453726525 -6.6685991211265332 -1.783687
6.9407113533316878 -6.8090308686561185 -0.040757
0.67732867638451388 0.78457722271133257 -1.168570
0.97451857580647872 0.92621666044022355 -1.339811
4.1183050074782148 6.9268943088939885 -2.222089
4.124877086071713 6.9402288619108337 -0.749950
0.85551641737818862 -1.4617486968600435 -0.662356
0.26081269508508154 -6.6727562001176004 0.663599
-1.1962062084029226 -6.9822704126120065 1.383327
-6.7551084631916982 -3.69875563715593 -1.455498
-5.0629284322068839 -6.7278264983126901 -0.312094
-6.9564055058417571 4.1005733019560111 -1.046434
5.7260670872069319 -3.7888597193153597 -1.037535
0.37630274758870197 6.7323780608597072 0.388310
1.399372618713425 -6.7377943706804704 -1.242012
-0.77061274216260855 -0.98826943533263201 -0.750981
-0.82378588855052115 -0.84592377589370571 0.058451
6.8058219832333791 -5.384638119130539 -0.993264
6.5028563519605989 -4.9296629392024922 -0.415040
6.6662837914296222 -6.9488128523104873 0.235345
-1.0736510783300339 -3.0989271262158939 -0.798609
-5.9940066329516712 0.32929495666839514 -0.811171
-6.7645281512470561 0.36709999190626963 -2.191543
0.040855189617433396 -0.22365705853336593 1.719007
0.024987594193338403 0.20090685182334145 1.693908
-0.65210273111409478 0.50389168795500883 1.227527
-1.991035412080465 -0.31366643005488282 -0.135520
1.8504186956789006 -1.2930583613275006 -0.856014
0.75951591096700177 2.1261880899491281 -0.609652
