1.6611785502578176 0.7848295893740147 0.620016
-6.3555508905772236 5.7141650819778871 -0.346699
6.7160025412838511 -5.182482115671303 -0.598979
5.2373041289832827 6.7565783075669241 0.993321
6.7417929609761273 -1.7569062932127517 -0.982812
0.081218463541177677 6.8679041868570554 -1.858074
-0.21180485210614908 6.7497770994937731 0.861141
-0.15473266624288051 6.6817540234498445 -1.667842
-6.7463642977489302 -1.1348444656125221 -0.422382
-6.9249541512065509 -1.3570896804308292 1.071495
-1.1999027625372438 6.4625441077667958 -1.557999
-1.3932252777752199 -4.3431148743173349 2.490747
1.8712618176195495 -6.9836375497493712 -1.114317
0.97137512814726179 -6.9472945910788422 -0.150570
1.8225747154069669 -6.8276638039547413 -1.537331
-6.5457741160283378 -6.5676622429101972 -2.171847
-6.951550484338143 -6.6200132217759435 -0.270264
2.7956392170045952 6.7858178246880563 -0.161882
-6.6496752256228024 -6.2528076037379483 -1.539915
-1.6220035983615091 -6.9234668668337616 -2.548608
6.7274044524646701 1.8657965132793919 0.481937
-1.6241881716291218 -6.647681915120625 -1.217165
-1.9904419020358732 -6.2112491803497694 -0.320620
-1.5778059805333022 -1.4657718986228154 -0.216670
-1.8365713976561784 -1.6431646230397874 -1.779997
-6.9075642522869547 -3.7948669497123158 -1.573364
-3.6855541503478495 -6.6459914686030492 -0.461155
-4.2131141606784794 -6.9628929770553176 -2.388958
0.456011372626973 -0.39534375421381718 0.572347
0.37851827470282284 -2.2663588753540909 -1.069341
0.26425758991477188 -1.9729402001866498 -0.600072
0.1926875605620495 -2.5484388770777278 1.052586
6.9535733922999565 0.88916129072975636 1.786749
6.9842125415483238 5.5088314580144235 0.313161
6.6572815700964902 0.14224375492008523 -0.533358
-6.7744060637287253 -1.7635673474628577 -2.714106
-1.5237033915175875 -2.9493463071789083 -0.146090
-6.9596664057095499 -2.1621514898615892 -0.182388
-3.3999031004516498 -0.204405127076555 0.075848
-0.30079863318667677 0.28426520245928089 1.648054
