-0.44931907246901126 -6.72703727847147 0.597803
4.5639180755359199 6.8238193812120436 -2.399358
-0.41347286491398627 6.5418966604009032 -1.401860
-6.7128213894489495 -2.1359138408813889 -2.411802
6.7039326511146857 2.652901116185177 -0.691347
6.9432486161352553 -3.0961040698111044 -2.139232
-4.2247312473042378 6.6570289732817969 -2.545149
4.1627439440143732 -6.3769876033351167 1.085586
-6.5551193047592715 -6.8244859451320252 0.684411
-6.9196780241966911 -6.9643583550521404 -1.219622
-0.89698766789903139 0.16908930812560641 1.362050
-5.6179967798360142 0.36693953959208159 -0.592680
-4.0332957920986239 0.34040953223138626 -0.515786
6.6079777271081106 -5.1780545244345548 -2.169251
-1.8000481010551841 -1.3784664112597254 -0.758880
-6.798831792717035 3.4895192032944813 -2.023518
-0.82204945344198777 2.2365565589447503 -1.236437
-0.98931346926952379 2.2458285019095658 0.889164
6.7432816961772293 -0.29165962284609837 -0.081276
-6.9821698298260335 6.4045237182944312 -1.141643
0.83754435844427366 0.73144932641041471 1.413325
-0.21113827132548657 -1.3329211524701883 0.383651
-0.17036619396337738 -1.4979279401613868 -0.448872
6.679099217082797 4.824610522608566 -1.322487
0.73038083315769065 1.5610767484377774 0.281610
-2.8842513645032488 -6.98841857693637 -1.483326
1.4626919413648061 -6.6180982823251968 -1.409539
1.8085811840724979 -6.6066856986994766 -0.529096
-2.8800608196027042 -6.7489522940232076 -2.207333
-2.8594274783363405 -6.6511429142980907 -0.486241
-0.41205124314708907 -6.626043099651195 -0.015205
1.1659611992687431 3.3633752191475743 -0.949446
-6.9973327353599286 -4.9032605123048656 -2.895366
-0.88732735393311923 -0.78851101486874953 1.314675
-0.63854183506754936 -0.6959131998383894 0.407132
0.14449604449446429 -2.6968287280256176 -0.081024
-2.8240825872643338 -1.8259742836688062 -1.938858
-5.0966164352074275 6.5762031903510518 -1.346977
-3.0107504910976521 6.805910346186133 -1.402621
1.0043146593897383 -0.42427644632443773 0.616500
