-2.7361343538602076 -2.5897900026347029 -1.309668
-1.489961147908538 6.9393299446734602 -0.589805
6.9841541380496768 3.8639866443006436 -2.338489
6.8176032210325097 -1.9420175658155454 -0.822880
0.20666095316179955 0.349732388819322 1.542621
0.23415240872315835 0.33471349264586703 1.581734
3.438796007471959 -6.8718661065237967 0.625981
3.0312195608828496 -5.6601719425432089 -1.063620
6.196464507875552 0.33192574784610862 -0.478335
6.0164559603474128 6.8702093627273051 -1.513851
-5.9493003569722891 6.6781913251761367 -0.488001
6.9641719149518249 -6.976988798615988 -0.405363
-6.8201373320108312 0.59185734936643719 -0.046683
-1.7054042927190798 -6.7978816369435942 -0.740328
0.54364729649202026 6.9676365042788984 -1.510415
1.3220893454760372 6.941012063255247 -2.015376
1.10232924428791 6.9315639791568096 -0.844271
2.3103005095519098 -1.0766863882508817 0.728610
-0.255289047244597 1.7559462354927469 -0.135404
2.1074542217899079 -1.3677639425778905 -1.717654
0.09282323462396036 -1.530425205761242 0.078378
-6.7981353587104802 -2.8895836767264624 -0.832340
-3.9554067948042699 -6.9258548469694032 -1.042074
-3.2221668059208355 0.999334704759403 0.138302
-0.053775754901262296 -6.8853093432783705 0.258534
-0.056195160391578014 -6.707521259403662 -1.052572
1.5619527399791053 -6.9141294772370054 -1.888559
1.4964029669446184 -6.7448505566228096 0.993472
0.22021190420821668 -3.7150365052557079 0.410369
2.2276292818711791 -0.61144786825732478 -0.756109
2.2543760739912209 0.84098081676263803 1.000532
1.2617364751378837 -1.0245156237379067 -0.844427
1.595940213477359 -6.8782589253257651 0.151510
1.8772695540258422 0.76251180542905139 0.081477
1.9179187547934973 0.8593385356340244 0.176469
4.4972949767626229 -3.1258883093508487 -1.870952
2.6445289740224851 1.8058530715614847 -1.235959
-3.8796869243166063 6.9428278153864849 -2.408260
-5.8443804032484099 -1.0648952136793133 -0.043552
-3.4666607948188215 6.9324698028683969 -1.444103
