2.0601364916845455 6.9791834397985646 0.790374
5.6688838548396081 -6.4586147745780682 -1.077335
6.7815681233756955 0.28917830394455279 -2.285636
4.620617550516485 3.060547578979973 -1.345133
-6.9358237272573584 -6.084867641750332 -1.374776
-6.7686620218821449 1.7797579775637153 -0.334152
-5.1544236585716625 4.6981062358555281 -2.192835
-6.8880540851495216 6.4370929023526742 -0.508701
-0.10377909253581574 -0.38520148972166712 -0.069772
-0.26693625400082688 0.56219100415971468 0.201211
-6.9061129779417527 -0.33654466521398252 1.089538
-6.8178303774746167 -1.4382253353741126 -0.475848
2.0791922232711286 0.96145456670814422 -1.491388
-6.3946418334996187 3.0562523948384559 -1.978125
-3.389187195756 3.297479179775948 -0.369497
-6.9886555789621685 1.2397342080472598 -0.108312
-1.8408566257497379 6.8542968051063067 -1.414451
5.8530635813055785 6.8176187334600957 0.095502
-2.2632438844021818 -6.7987893221124924 -0.958758
-2.7968336391247712 -6.869207905831491 -1.415576
6.1389020602164646 -2.2326003224954807 -1.771041
-0.2908292227512419 3.5732471249150368 -1.131493
-3.2534127923107237 4.5266541598601258 -1.015527
-6.9684888406927898 5.5899362839968294 -1.964760
-0.72288090931600291 6.9391281619937057 0.162608
0.90691043002160576 2.2804810277531331 -0.942248
-2.626548984049939 1.1103762053493647 -1.903103
-5.3576650176981593 4.016906340103084 -0.762716
-3.3573116718773139 0.1426956419212777 -0.195598
0.69710028283970438 1.5676079695371339 0.257155
-0.61473788793787953 1.3620797980772394 0.177436
-6.5607711978819925 5.643618862378645 -1.242028
2.0768123606079332 -6.9749218501717882 -0.621799
0.73025983043794085 1.3365632507103982 -0.023549
2.0553523308161061 -1.9937551733312233 -0.057575
1.8937294714277719 -2.0460026061086163 0.320353
-0.67314800051527257 -1.6569724382861502 -2.573853
-0.78149868300145542 -1.7000496767130642 -0.019525
-0.87447933528334154 -1.9052709886811856 0.564086
6.5159265289424511 -6.3895102279426181 -0.958868
