-1.1113852399926403 2.2803756543045051 -1.422488
0.76885655300621014 5.1398923592492238 -1.001932
-0.62928485194145267 -1.0245148439945497 0.390150
0.13215160599852105 -1.6490257007542937 -1.970864
6.8199303030886984 -0.044169960877693981 -0.594620
4.551412234882168 6.8753001152818722 -1.528818
-5.0808038944562428 4.3151795474158199 -0.491584
6.2746191019697761 1.8419009331056611 -0.029770
3.8225929248528878 -6.0118152554277113 -1.256607
1.959333752482868 1.8656108829338418 -1.866715
-2.985414930186046 4.8366457545021113 -1.116960
4.728421895539185 6.9682358354284784 -1.235752
0.54654937941428816 0.62200184061644936 0.616685
-0.028096833454587689 0.34158556670368867 1.677532
-0.90425252128181466 2.6796790411902229 -1.731381
-4.3307867208475654 -5.3631798062038101 -1.315130
-3.7198334429143571 4.2050728805396069 -1.031240
4.6003939855837146 1.2544064661811714 -1.451938
0.12902852485159677 6.6092553495267445 0.173244
-5.6233592598049231 1.6191775885864903 -0.054580
3.7991233052070896 -4.9765192393028457 -1.573728
1.2003405729253718 0.31259524532917737 0.084141
5.004416470269458 -6.2349948496059184 -1.367906
-2.5610651680253262 0.11014463962601795 0.036865
-0.41761433961388494 -5.4537640179587301 0.493768
1.4339724576197579 -1.2581752375470217 -0.817950
5.468457858600642 -1.9901664817686653 -0.979949
6.5336236435310759 -2.8651679341900316 -1.027475
-5.7667628201111176 0.35020319010516943 0.325907
-4.372285629096651 -2.6491659554335323 -1.287965
-3.4575900592114341 1.9797112621859316 -1.392044
-2.5684266474047668 1.5455585761408326 0.506329
4.3890709519797824 -1.8108446517330341 -0.611392
3.6742563233308037 -3.0221837504160405 -1.658565
5.7517805964759425 -0.74823597547224363 -1.698739
-3.2724369283452246 -6.1750093045296301 0.693619
-2.7209025932969766 3.6964610372146236 -2.453108
-5.4573903858897843 -2.9219463165969755 0.593057
6.9795544752075163 -5.3576318120408066 -0.880532
2.322228444706159 -6.9924834491747081 -2.477734
