-0.10680038868539121 -1.9897503920666759 -0.224628
-3.0666181252681928 3.2837289233117133 -0.847471
6.1685156041931961 -5.992980555666743 0.274048
-2.8738214163129978 5.2822065646461347 -0.795978
0.1060398036840704 4.0637475379769761 0.243770
-0.70801929107652928 -3.0497502256039049 0.896585
2.0374300126093416 2.0588655814850085 -0.874792
-3.5976272444046247 -5.1298495447249035 -0.286265
-5.5920443607065664 -2.3703621571810949 -1.839774
5.1748018000125882 6.1459278719421384 -0.525569
5.4420205530332737 0.071306498411797925 -0.241166
2.8257748639120397 -2.8776337080451793 -1.254003
1.0106745827959003 -6.7573544236016545 -2.465548
0.50327706219741142 -6.9758321660237499 0.399617
-0.36683968583240478 -3.477653394335257 0.286080
-3.3002865148069098 -6.5636817375784036 -1.188557
-3.4649996163944277 3.3675614591576064 0.061913
2.6466015732484607 0.82351296029636778 0.458616
6.8947332824971053 -5.003709623244923 -3.634033
6.1104984539559233 6.1789026914088581 -2.801176
1.9622052854525052 -3.3646230927287606 -0.306783
2.7901807848522111 5.2085147666255089 -2.406353
-5.3054032802350477 2.9176925446825503 -1.303784
-6.7316333603862271 -0.30146920287865253 -0.408816
1.0365205398187474 -3.4032868212761569 1.327511
3.9752741203528377 2.7591768885828394 -1.546228
-2.9261838062953043 -5.011274196519703 -2.143853
5.5453773258954744 5.9372444038768606 -1.284498
-0.92637642658858432 -5.2439043403123202 -0.844074
3.9956855761323276 2.2155074197763298 -0.505841
4.5536130261188141 2.4633737259460364 -0.772811
6.4258992828710095 6.4070760692321276 -0.138844
-5.7980020323369121 -5.9818062707314272 0.522523
4.8459766020030841 3.5081163567888929 -1.340895
3.7866080836297904 4.2699559737870914 -3.184603
-3.1177615221027191 -5.4524365542771971 -0.289829
-3.5239415347769185 -1.4686577179556011 -0.662939
-5.0680677237641634 -5.2174390760177332 -3.125812
-1.0466588573033455 0.35828243157299067 2.106815
-6.1514375444618627 -4.6831611378688267 -0.238343
