-5.35237933599924 -6.0929099681981951 -0.680240
1.1618863211581889 1.1135276398157998 -0.770679
5.8777741982552616 0.64522260683862331 -0.925817
-1.8409929810020724 -0.7926825707567362 -0.045706
6.0192872089120257 -1.1244918051614672 -1.390638
2.5474947112651911 -3.4635585295378828 -0.687558
-0.33444763362537078 2.3423224629378403 -0.304154
0.93098660786003506 4.3703972231554662 -0.624135
-0.62049852986482534 2.7827614151131108 -0.023379
6.879580941102196 -2.3911388126586397 -0.346674
-3.9389269559679723 5.7817286971352058 -1.566339
-1.6540953125151416 -2.5238211101760353 -0.508462
5.6681080365669416 5.4361025044227986 -1.135557
0.56146036627755613 0.43297025433653591 1.134158
-1.3963619526240434 -2.9072338795434245 -0.102682
-0.32324048775369629 3.5613453517857057 0.496544
-3.4685573723592689 -5.8423800081687753 -0.909241
-6.4200582741558883 -1.0636449733796374 -0.102271
4.2937604105946097 -4.6837705213984737 -0.293552
4.1001087791864599 6.8797267036895668 0.689304
-5.1503542935991309 -5.3875013586207707 -1.252708
-5.7777814611345679 -3.49807539207454 -0.486705
2.4362510015523711 -5.6638464220881497 -0.479375
-6.7569735761172165 -5.2679621243161669 0.503688
-3.0130606032968554 1.3493825995527455 -0.546194
-1.002651541632698 3.3839192463758323 -1.063674
5.7485065824095365 -2.0402709729546329 -0.842762
2.4003982905629258 1.2644411914735407 -1.015781
2.7246209876145233 -6.9762877271657091 0.433360
5.7757181585906388 1.1481337241143468 -0.072984
-3.9576000557351438 4.3979010297534007 0.945330
-0.26519213104974071 -5.3049427570621166 -1.269970
-1.9128517834030045 -1.6440727573333547 -1.602470
1.2397329782928086 -3.256331479435655 -0.174355
2.6599501363295648 -4.2165282025064403 -1.885811
-2.4784413343140557 4.3652192875307776 0.408912
-3.1789757859561929 -1.1293473197342188 0.085469
4.6623179706065265 5.1323666310027285 0.508233
1.7140487905519581 2.8021715167439734 -0.371939
-6.7982521247053436 2.3257507585654622 -1.069302
