3.3858661676659256 -5.3408731633013025 -0.249041
4.3512663772381863 -5.4538423667382316 -0.709043
-6.9036520644908466 -6.2050215550569163 -0.966332
0.14844757862144498 -6.5367413147676299 0.234576
5.4279111219763969 1.0539964006060742 -1.970569
-4.9227902804833024 -0.67250393667472341 -0.484563
4.0781312779975902 1.5187160114073137 -0.282902
-6.6519192683475818 6.0906729147941849 -0.621329
-0.81333570579770509 -2.8353291309979163 -0.963849
6.8393321935458058 -1.7902161139798505 -0.689385
-6.0065891900831581 3.7405719953113632 -1.806648
-4.2472337424098034 -2.0944322854295478 -0.232966
6.5598864044986822 -3.2044146105686062 -1.526894
-4.1200377372802963 5.3089184176927198 0.344497
-1.1071969592999071 -6.2404080701941922 -0.643718
-6.756526710635911 4.8632504277647222 -0.597806
3.7598886776375657 0.85283410321795916 0.017541
-6.3263924558669151 -5.2614437784608974 -0.908168
6.7869211146809469 -0.0019843324514399185 1.220226
-4.3341372088056538 4.9815117087956349 0.205757
-4.8107215482046062 1.0413973012096651 -0.103309
-0.74634454117517013 -2.9738829045525428 -0.904170
-1.4534037769601671 2.8700442922754377 -1.599589
4.6485867580911187 -5.9204266945570625 -1.857875
2.0033759801793583 -2.0841973629551012 -1.258511
4.0324627456140494 6.3372938397369367 1.338048
5.8976663119001991 5.0101800456253258 -0.738231
2.2726510861574241 -4.6909711994141432 -1.445993
-2.1996181213345638 -2.7065993236497752 -0.236792
-3.3597796743880788 2.0485954183856006 -0.606430
0.60058710029565088 2.8775798510631656 0.320708
3.6563284506824516 0.78952472110385585 -1.013842
5.9883208155677767 -4.4893429714888491 -0.779539
2.3887476658773501 -1.248806802761516 0.647986
-5.362767511488757 -3.8864840427912015 0.559964
-3.0453295626880656 -5.6341854311473707 -0.175421
4.5692582975523788 4.6164149931704905 -0.469097
1.7619746297639516 0.84304471911199563 -0.844890
-5.1656077060881369 6.9692329254775416 -0.823459
3.6050725354271407 0.81275432377687729 -1.780961
