6.7881982669121204 -4.1698101725907328 -1.305616
4.7400572348472192 -3.2974737188134631 -2.180520
3.3451441825390482 -5.01908144787597 -0.821866
-0.92726449809958833 5.2916204861276306 0.307128
-6.5381052067007239 5.5747716068655837 -0.634228
-0.13154679269300207 0.89164478209464804 0.630058
1.7358138012497992 0.70914652284598478 -0.315848
-4.7235821215500255 3.8279132040241191 -2.164822
-5.9515719109632066 -5.2567303082353574 -0.955941
-1.5984263529725222 4.58986848922288 -2.887820
0.43938187680830509 -0.47939367768743324 1.490367
-3.6563849473148404 6.9045792911104549 -0.833359
2.7200664536883981 -5.4899297663813664 -2.731757
-4.1513904009546483 4.5669828961068593 -0.766883
0.9355890670773066 -4.9483425161330672 0.155550
-0.0066555471804754518 5.1358856959830526 -0.642598
-3.8002015476809579 -0.55142870771598407 0.653009
-3.7545520531531933 -2.3700694462227077 -2.479598
3.7697335152586646 2.3346633369637146 -2.819840
-4.815708992939582 5.0001211398664047 -1.218933
0.2385309007651486 -0.10233298931116241 -0.897021
-3.789974066285926 3.4775109912865112 -1.961808
0.70983297150323388 2.6289616817412966 0.297318
6.8090231347677808 4.2331451766589741 -1.080261
5.0950518882901346 -4.1023341362005148 -0.495041
-4.4507774952998123 -2.5010282247936182 -0.850976
-2.3624690068612395 -3.1082896113809335 -0.728248
2.9947286926508951 2.5733757744893992 -1.585951
-3.4429522911322512 -5.818757505083167 -1.836106
6.9141925754830584 -5.0969223429502826 0.197222
-4.5669026987013881 -2.0091166806749126 -0.447333
5.1729983624514411 -2.5182500957922942 -1.557177
-2.6898402451872689 -4.0717679134323888 -1.002821
4.1801836681645508 -3.5466320578182802 -0.568780
-4.2726556067056922 -3.6348342808687599 -0.141159
4.962001189562864 -2.1621163170869098 -0.784775
-0.33505963766889924 -2.7975979098698396 1.142922
-0.57558573343184616 5.0684196880805246 0.393939
2.9962911377846844 6.1088808744642549 0.403967
5.4803650627492715 0.73136584329033383 1.024353
