-6.281039978287696 -6.4225431149155314 -1.242473
-1.3002075200374881 1.4383420910112772 -1.052519
-5.1191438097500122 -3.7190316815432931 -0.814158
2.9328210504952068 -5.7306468521370917 -0.647974
-5.2334392086104549 5.772704159556195 -0.924521
2.5031221164291217 -2.7292572130289914 -2.908389
1.8992968377718569 1.3950136189077824 -2.094801
4.5303391363561971 -3.9409606492330376 -0.761260
4.9023429177997144 -5.9042135539634408 -1.698263
6.133627998249974 2.8816879899792607 -0.463025
1.6681698099438673 0.74767492670002245 0.667664
-2.1852214985509377 -0.64845129662293566 -0.089882
5.4865564680998915 2.6200632195971121 -2.182438
1.9172626597572702 -6.7934159947904433 -0.533567
-5.9525607571314145 -0.67112567611650498 0.750471
6.4811419059427067 2.1922919266512171 -2.428651
6.7869524670314281 4.9902342132980362 0.290145
-4.8909158215803759 -2.4455984456881223 -2.276307
-6.7382867753973485 -6.6260393984258421 -3.263544
-5.9221315058719508 6.3981069886238551 1.011844
1.0181237479727514 -2.4810394754176963 -1.437837
3.2271101347636684 3.9474271444955793 -0.397495
2.4824641072094451 1.3988424475732142 -0.687702
-2.0170313949854153 5.5043009025106659 -2.344163
3.8458154401584501 2.9351382597895839 0.105806
-5.7785470547028437 0.89300244817489727 -0.624409
-5.0305789418564171 -6.4489613329508062 -1.596278
5.9950177086297316 5.1792686420803555 0.168861
-5.8088691766134035 -2.9947061349149333 -0.554125
-3.139663030733808 3.2398952370982546 -1.644056
4.7928703914945725 -5.0592492331327907 0.682352
3.3269834795395816 6.1615652023599079 -1.264674
3.8941861862155243 4.0508758389661814 -1.837310
-6.1830693410266306 4.7058135428251138 -1.430400
5.2461878081568774 -2.0422262497464825 1.086475
0.054212254523753778 -2.5340896661325507 -1.297194
-0.52843075516220495 5.4130071524889747 2.223997
-1.0669425600242084 4.1454220608812662 -0.517747
-4.5045654632447372 2.7937331253848559 0.320629
1.8013827938396609 -4.3248343772025875 -1.259650
