-4.3188723980834371 -6.9198706182888419 -2.068065
2.6479106871851226 6.1124598860378718 -0.433646
0.41350938494251377 -5.5409116894346377 -0.707820
0.5274337260484625 -5.7536444546383008 1.682004
-5.3819600010502917 -4.8548732984745238 -1.991068
3.2980160922505775 6.8589945903901093 0.788228
5.8318374942863827 -1.4132749702160066 0.985240
6.0616694048027888 -1.5568733244514004 -0.864086
-3.4077856131711544 -3.8482873697778519 -1.320966
-6.6798823037203778 5.3711180221284902 -1.838854
-6.5624287561324639 3.6895475276290579 0.074963
0.96237586495299965 -0.019643458923241042 0.297299
-6.7553396416969891 0.72485123899101644 -1.752441
4.8996806713886407 -1.0596917979452236 -0.379015
0.70078150291365304 -6.0099593260683575 -0.739980
3.5758227384939207 -6.9650539408692609 -1.258376
-1.2048188285646377 -1.0882751670963202 0.624264
-3.7370301209864403 -0.23840502738556069 -0.071813
-6.4350370030083237 6.5008013633381072 -1.252063
-1.9561743905538842 4.3239382828106976 0.498696
3.074474794007072 6.4744621844301964 0.095827
6.7778504425392825 1.5419283082350805 -0.717548
0.69873990949161691 4.7711334679357691 -0.285616
4.4823480720513942 0.72628316298172813 0.675339
1.3587096820598337 0.75467097421443796 0.510039
6.109564317440233 -3.1976426975030243 -0.675892
-6.4783431582967914 3.9529312974411148 -1.283980
-4.211739888786953 2.8673627687342176 -2.622093
3.099513113015135 -1.5779929809003743 -1.326004
6.9377951725563491 -2.3037024364406031 -0.487527
-4.0373068880442204 -4.0425492913721905 0.821455
5.5349949937617744 -2.0058795583365212 -0.915957
3.1010731781960938 2.2239455656506841 -4.459076
6.3562741733410526 -1.5794120247234336 -0.637816
3.5602852354988244 -2.3977906328323586 -1.015364
-4.9858316748092895 -0.10476566513694863 0.112011
2.2108133012369393 -5.6269799460614731 -1.548345
-4.5421238202203398 -5.6392833116734078 -1.529879
-0.87118211154901903 -1.5411346316817651 -2.091647
3.4997478550003738 4.6660785671452967 -1.258449
