-5.3322383022566111 -6.5452986113343119 -1.702077
-5.3784155772427491 -4.780898651389073 -0.702618
6.00001238550864 1.7019147334514226 -1.529091
5.073698437481502 -2.6947241761628362 0.518284
0.44836422103407791 2.412446510346939 -0.153157
-1.3315647927951133 4.7065283039879944 0.889941
-2.5361203890886914 0.89559058496187571 -0.156030
6.249624442093733 -4.5402782650129323 -0.314778
-4.5305445837328167 3.6911488790715925 -0.451095
-3.7502705184963316 6.9151689421942688 -0.514120
3.3798688668722754 6.0919659535594715 -0.202426
-4.5392548791407918 -3.0639275989021293 -0.138393
-2.4484358818501573 5.2474725339150314 0.070884
1.7971620283498719 5.0806576420071039 -0.531665
2.6751437378786118 -4.8426428539177087 -0.438919
-3.0963574812457599 3.1847403346161425 -0.195045
-0.90880144884642622 6.2161771295580905 1.306532
6.3917563950743528 5.9712998969479933 0.425104
-2.7460230636659215 2.2372710077817803 0.558869
6.0481630928982337 1.2199227559099377 -1.833205
-0.84806623436887385 -0.50559490772149918 0.128108
3.266000152813513 4.7200076486008697 -1.024717
-5.917963333401727 5.6391267669380323 0.167456
-2.5114672267925648 5.429766805749324 -0.908005
3.0511665825019332 2.2842051082193819 -0.642580
6.5331269113846844 1.6070675798774872 -0.599359
5.8245071978924479 0.50282774856594958 -0.979942
4.8133516626391284 -6.8844288739039889 -0.383137
4.103969952874424 -1.995270570832095 -1.117721
-6.0160855025899664 1.9505543504331069 -0.842037
-1.495132713355261 0.27675405721415025 -0.396001
3.4753284951173438 -1.6205514006785053 -0.476532
-1.3663806396933946 1.4524432838781642 -0.447166
-1.7621069180055846 1.4036237669459872 -0.677135
1.2273165864963023 6.9047507861910145 -1.005024
4.3484534816415952 4.9477845511725054 -1.194850
-0.010708842906277383 5.9681628352295153 0.854706
2.6905719520517959 6.9096994109977334 -2.417344
-0.33128914390332387 5.9836800211666503 -0.914811
0.81310696696175633 -3.0735604415359967 -0.378715
