-6.8660269029215062 -6.671158930393152 1.810850
6.9860284094253373 6.5218369073386011 -0.518108
-3.632172206554062 6.7133113051471085 -2.457422
0.67234104968914377 -0.85521680232232367 5.144967
-2.343390506742411 -6.8853991787946995 -1.388282
-1.53586007181132 -6.8402025519848193 8.610359
-1.3365804527374543 -6.9617598255892261 -2.523114
-0.9644297207462369 -6.3792655947511978 -4.240403
2.8775001787110082 -6.0057191255551716 0.211429
3.4747128323330063 -6.8842276056098015 1.566593
6.9763724862482324 1.3215394176448392 -0.316212
-1.803823336142985 -0.4859792431852803 2.689981
6.5202043607707019 -4.1201434116135971 -1.764507
6.3666046879543057 -4.3781474622846721 -5.655836
5.6653659999145631 -6.4752596679103114 -2.864240
-6.4799526682135449 5.1901533072515722 -0.591810
-5.7124738074387658 2.7672575490843343 -2.958079
-1.0684077213934895 6.8212180343215785 -1.274396
-6.9013698321424002 2.6192165973416657 -0.120651
-1.3747715140388417 -6.1819272292691672 -2.513411
-0.1047607963513677 0.4568635824005316 -1.540505
1.1668781436365574 6.7555807000724837 0.139543
0.057474328867672675 0.32076274445859099 1.480393
-0.3468959233138893 -0.18961247776725276 0.139362
-6.3446348245090984 -0.093198560737405955 0.130888
0.36334536702528908 -2.3653221128968225 -0.883124
0.64056592991322336 0.29669861735526482 5.568573
0.58895142348124097 0.024704771982360541 -2.764444
-6.7797858895915768 -1.9765493141228685 -1.753464
1.4863642253053424 -0.12181749937855457 3.947855
-1.0986992912939897 -6.9693958634586375 -2.055426
6.9773718325984824 -2.4678526796935403 -5.994843
0.38309427851539901 -1.0038557728919226 -5.412033
5.8337084279236802 -0.66883006858665706 -5.672179
-0.24929217320797381 1.8299794073821438 -3.248816
0.79481051281958059 -0.94109970203174598 -2.751421
1.4570602227069838 -0.66331021133675883 -2.788527
-1.8636305820872554 1.0393334964998253 -2.517385
0.63270327731890941 -0.72962392920875097 -1.048469
2.6530533096951316 5.2498743625777493 0.512041
