6.6419788735450425 -0.55394129258195424 4.275551
-5.0494094472606132 6.9956783482029934 1.755238
6.887927526791092 -4.6690214935036636 -2.089633
-0.89249151897626433 -6.8998019005925624 0.858003
0.280354418161747 1.4098219355406094 2.250223
0.33415415529350412 0.85986314974157008 4.013955
5.0222865035106121 -6.9912214501564023 1.109598
-6.5812836442668559 0.89430861928336203 -0.172657
3.9753186990626119 -1.7967813018107925 -1.373523
-6.8087620965657063 4.0849682299957912 -6.373666
-6.6445089017784609 3.7480563594953988 -3.935891
-6.618971415700651 4.1947766843306713 -2.883910
-6.9523397381142882 1.0847081121671138 -0.165997
-1.0959100055719757 1.1395790168677529 4.718173
-0.86787196570263614 0.86127588169496772 2.706465
5.7089433650716597 6.2197176405575512 -1.788175
-6.9851099527754501 5.7218684327652198 0.089898
5.3903565536986306 6.917768735897873 2.278496
1.771086482891274 -1.9912315353573939 -3.538973
-6.9283358690543952 5.1791944760871971 -3.494821
6.6844510747193571 -2.3826413062454446 -1.282470
0.97849065423465387 -0.17927424226991029 -3.575318
1.4231924255941397 -0.14973283389267689 4.029699
4.6347756512846789 6.8056172445504135 -2.599152
1.0397435422904824 -0.017870967228752477 -0.808006
0.75849999458635509 -0.28288209561751643 -3.468963
-6.2849511340152393 -6.9917015001026552 -7.046694
-5.5149485334563035 -6.8643332198693665 0.129296
-5.6898468651592111 -6.4743596181533256 -1.342818
6.9701288794266389 6.4092353161961135 0.346214
-3.8840682104792448 -5.52868818739001 -2.306526
1.6040467633444315 -6.8352645211296172 -1.012637
6.988718794830632 -1.7764598926149278 2.336386
-6.7650408415661296 -2.7691411781279278 -2.254415
6.7398244884071641 -6.0189596307504303 -4.006931
-0.099804994397388214 0.36139256055126801 -3.821891
1.3761403580086604 0.59368290090762521 0.083847
-6.1929414143539212 4.8162242466485523 -1.088580
2.3020294520361873 6.9911811092523379 -1.386372
6.7735135262269566 1.9018807934016078 -3.667011
