6.0691584042989959 0.7111660834472211 3.986848
-6.9464851874091886 -1.6963197211367333 0.785317
-1.0297415995219481 -6.8735923840975781 -0.365023
-3.6415973703191007 6.6575114567279208 0.268342
5.1437441227142475 6.763362305962044 1.012462
6.5970527678582691 3.644127819687796 0.961712
6.288341914200732 3.7256886894157084 2.842520
6.6828732513897613 3.899540018590578 -6.383071
6.7850779031583279 1.8408243128175208 0.631766
6.9690816239947058 0.84665208314329288 -2.612874
6.9137035856590678 4.3212346148341769 0.773907
-6.674802333500903 0.12041626357600954 -0.120172
6.2952466757064744 0.019084504150939097 -0.672673
6.9282373323210589 -0.38675207800941624 -0.165494
6.8054114042727836 -3.4963458109190815 -4.760812
6.5090551143558137 -3.2768508568086991 2.822618
-6.8388316504883431 3.4338992835445712 2.418419
-6.8513965566216779 -5.3759832494722053 -2.960701
-6.8771846030706874 3.4019475118881957 3.816010
0.59449957842629608 -0.40035536053253651 6.373835
6.4005756967121386 -6.8635021805290641 -4.993907
-6.8652897089751601 -5.6131564775326206 -0.763196
6.7670259213963497 -6.847268421615853 -1.993307
2.6600182926177247 -2.0058633243238599 0.978031
6.5489722317248251 -3.0454825418145122 1.628883
1.6664847925467523 0.61830598777431067 4.650568
-2.3991032153776333 2.8767407462610048 2.149006
4.3731779450667361 -6.6831936222574839 2.218176
6.7446939939657788 -4.9955027287672591 -3.484367
5.7132361689086633 -6.9287175263322389 1.621053
5.1745057054193655 -6.5039376994078371 0.471749
3.6271522998875696 0.63283302119776774 -1.058894
1.8979128812351185 -0.70803850627839005 2.799390
5.8084405226266345 -6.9433791883046307 -3.735319
5.6229350905490563 -6.7161276258550018 3.719960
5.7755817640446185 -6.762184882323691 -0.178663
1.116443036296344 -1.9590575836855386 1.520748
-3.8061532720642202 -2.0399413762876151 0.950705
5.9358633138590644 -6.7441933394417433 -6.610601
-0.96742932107622792 -0.15133710836030723 -0.390066
