0 41.451370
1 32.317214
2 30.874400
3 28.117264
4 25.353124
5 23.163197
6 22.026071
7 19.047819
8 18.763812
9 16.392491
10 18.377944
11 19.373033
12 18.689916
13 18.074526
14 17.624541
15 16.653335
16 15.942087
17 15.955968
18 15.587203
19 16.200088
20 15.772389
21 16.870668
22 16.448998
23 16.393102
24 16.693526
25 16.308283
26 16.257288
27 16.466668
28 15.839752
29 16.462521
30 16.766885
31 16.213866
32 16.097864
33 15.704865
34 16.218461
35 16.721323
36 16.249647
37 16.197983
38 15.035556
39 14.984652
