6.7967231812994715 -4.4921371098382821 1.128149
-4.2570616870657449 6.5431769804181084 1.633229
-1.3221708568966832 6.6596709903590519 -2.716272
4.6308029316117558 6.8732993163027665 2.035344
-1.2039875244769709 -6.2349310423019872 4.740299
2.1394920247317515 -6.545506452908687 -1.839403
1.9521521257325993 -6.2581054232909992 0.082379
2.1657280648250445 -6.6330911420672933 -7.799047
-3.8263809779941416 -6.7462840280076186 -3.065167
-4.1969093843644583 -6.6194066856831153 -4.444767
-6.9013932562036384 -3.6233149285365567 0.456433
6.8309355433086161 -0.46915697430124492 0.518456
-0.55605617630074811 -0.83492299808970749 -0.895412
1.2916572839876146 -6.7780313593279438 -1.802756
0.75232903886679825 6.9434899360715718 1.683742
0.38222716461777395 -2.7694896993694282 -0.856216
0.83617147065307762 -6.9998470688843497 -0.309486
0.29302923524969859 1.5680904817820842 2.987035
-6.6802072453019665 0.47293121426761875 0.522699
-2.3347373468281587 -6.8431812121809532 -1.897252
6.888663658740386 2.9542959148562336 -2.071526
-1.3569952187599688 -6.3304877914034883 -7.647934
-1.1834449429101088 -6.6836698853743499 -3.939492
-6.6357385779178291 -5.3912455207767387 -0.735391
-0.33263898076041887 -6.9438922857439369 -3.252882
-0.79991679199149424 2.0482122489738437 -0.813810
-2.1211122194671637 6.8299928706530579 -5.903287
1.8917722190904467 -6.7743496962651779 -1.859851
2.4871849713842771 -6.9704194856456434 2.695433
-1.397687969354573 -6.6191096656042312 0.619284
5.0407328011464223 -6.7974209600910589 -0.786665
5.4283966593744335 -6.6755453174832784 -1.307403
-2.7984509178069219 5.3898116202157293 -3.050716
-1.7336335681522002 0.90756732062831258 -2.155996
-1.5810815725101133 -1.0804656899676246 -0.077236
6.9654447872421219 4.5236558850791617 -0.776834
0.89204316186880206 -0.92436068103167823 0.928629
-6.1430350371290832 -6.7262044036855961 -0.052718
-0.29634234404870607 0.28471152407035749 0.342805
1.5102727545844292 0.35965189345887261 0.489272
