6.6959368744329133 -1.5243777300949848 0.800175
-3.933682775880027 6.7840648746172842 -3.412985
4.1560104518557903 -6.955510903144674 -8.533431
-2.9048670105313672 -0.32446792585922601 1.621244
-0.53887632199058189 -1.6251592209947443 -1.210983
-0.70874823531221764 -2.0696550431013332 -2.938364
-6.9097001250176984 2.6132094298594204 -1.690648
6.8523099843384845 2.897216918455344 -3.547158
-3.9927441942410677 -6.8214861249836964 -4.043587
0.5492202326827762 1.0795801326563534 4.289854
1.2831557446784227 2.4820432350487387 -2.356915
1.3457859840293978 1.4897258147356069 -0.385354
1.0664754094023579 -6.8116501158491971 -7.047090
0.93469924856405129 -6.7732119779069793 1.084359
1.9223870359930846 -6.7981574572514925 -5.901580
1.7741960055994657 -1.6804834767433201 1.878328
-1.0993245926155994 2.0217208633753145 -0.921924
5.7798758211114034 -5.3891517099822686 2.854182
6.3557565372306879 -6.8431037029518222 1.997024
4.5236112340306729 -6.2644500130730396 4.916229
3.9748886837093185 -6.5150726519495077 3.265940
3.0004343522446444 -6.1180287967196127 -3.297489
4.248781774060097 -6.1957639962653097 -5.128177
6.5156345891081457 1.2071699628636114 -2.654895
-6.6342927250642472 -4.9115212924290441 0.304204
0.49960302929780553 -6.5208320001901603 -1.388640
-0.75705671048818335 -6.9436510502670705 -4.952623
1.7955265801373574 6.7754030458475469 1.795994
-0.70670641296505199 6.4681727676633631 -2.772900
4.0189525219486271 -5.3658798132580694 -3.737346
2.9600551516785547 -6.071580927990909 0.313420
3.6987749257725024 -6.9339309384484578 -1.951409
1.1993066888195631 -6.1716082487663826 -2.669683
-2.4040342542369721 1.8956178194339408 3.713415
5.2964294473666502 -6.9262621520020202 -0.605610
-6.9496549878743066 6.5766608242400153 -0.271662
-6.5424149695278313 4.5454623937751872 -0.176720
0.55652677950395102 -1.0634169194770298 -5.256881
0.058453688488043554 0.099731707615958953 -2.009720
-0.38578500849343911 -0.3956743801392486 3.279287
