-1.9050880411613518 -6.9401821142176914 2.182399
1.5825407350080756 5.9578931496782914 2.485010
1.0560516136770133 -1.3579209114649879 4.365733
-2.8735941174534005 -0.48956909446108376 3.725322
-6.8073940571126812 3.1540857534283226 -3.388616
-6.8530799733708996 3.8307663857421783 -0.656003
4.3765030049965929 -6.7536516215086566 -3.114796
4.5239851787265835 -6.9981044015898002 2.615532
-2.5289518123710319 1.8974907013583824 -2.382524
6.4780124229075682 3.5820922394703487 -2.084110
-6.8583204501511368 -0.85414503936783248 3.416433
2.4536867817814496 -1.0453781687786527 3.688012
3.2416822465989448 0.79799698202268132 -1.958750
-6.8243170608432395 0.88986589724037035 3.699991
-6.9973379146889076 1.5123458395460876 4.905830
-6.9826111846538179 1.9141888853161557 2.988833
6.4766234379502166 6.8456265524119218 -1.798559
-5.3224457789270243 -6.3734451636384257 -3.651163
-5.9837518054207921 -6.9921173581832985 -3.915943
1.6541150521537507 -6.4744328716597366 -6.432299
1.2475554111877223 -6.9400546577781483 -5.383929
-1.9817483123317343 -1.9906849259955806 -1.372150
-0.44244247335156661 4.7076665170884358 2.942340
-6.8944975902817696 -2.8986681138338328 -2.360870
4.2647841931158688 -4.9886193923332565 -0.999710
6.6794243647801093 -4.7610014584138387 -1.961343
6.1135156711661445 -1.3935532179857395 2.351249
-6.750774611490586 2.1258272390770738 -0.953583
0.11611204187450941 -6.443637486192058 0.778969
0.29330656809063971 -6.9388028206447991 2.506572
1.0403736147895941 -6.737621256597377 -2.886175
-0.19724612496334526 -1.9082812373383575 -4.213814
-6.955738897157417 2.0278976511235278 1.245710
2.9855911731216782 -6.3845805882662852 -2.964302
-3.0596955590405583 6.6948223351827032 -4.375875
-2.8309034638771013 6.5444859571757323 -4.917991
-2.3331340163605319 6.8614832606527312 0.370963
0.2030660941037068 -0.68032160533335695 -1.704780
-2.5049197705346469 0.78984279891356479 0.993250
-1.9730784205574414 6.4535635794814681 0.738985
