-6.9155771565724802 -2.9986337002383756 -6.064573
6.7561374867596822 -1.4404006292480895 -2.940267
1.3669621852559608 -2.8973680277045926 -2.711138
3.9803234691868639 6.9760439583362892 -3.691011
-1.5722102202245249 -0.3225117582627135 -2.728488
-0.9743655979254866 0.0076473960576475264 6.008342
-4.19860185983487 6.9969159031311463 -1.815691
-0.17353374937559085 0.70995061219096023 0.855966
-0.3808612168908887 0.97845195556420084 -2.886193
-0.87219768517884066 -6.9145716365418846 2.091752
-2.2870689583047294 -6.5530480736940415 -2.082736
-0.56553189624095879 -0.89374643524049802 -4.556361
-0.27713125516996584 -0.97806004117957634 0.426302
-6.6932592676320182 2.4594317843515192 0.252762
6.2656904007225513 4.3127522724039462 -0.279426
-5.5784646063167029 0.60171834515927092 5.478481
-3.092313249251764 2.6082406909242284 4.174726
-6.5292936075579133 0.31399715830545016 1.339089
0.50756994939392097 -0.65935234561217548 -3.645356
6.6821302957351065 -0.41841322012782367 1.022748
0.49192353402379396 -0.50953326231094387 -5.323148
0.97562093844216413 -6.7815875821790446 -2.327382
1.1912628106733365 -6.9331382065260883 -1.144736
1.1021867924256323 -6.8474951818589282 -0.395120
0.53553441524737 0.81458460859043669 -4.091525
-6.6246190864031611 4.6379931437104105 0.099858
-5.3834366362898241 6.4864026067064025 -1.215259
-4.4249610099428436 5.9215950066413434 -2.476473
-2.3876801970770369 6.9485195917632829 -1.502361
1.074969161602386 0.5291762654840193 7.045967
-6.5866409632240277 1.5716989185232162 -0.520084
2.2248505304194701 0.63677063413418633 5.835507
0.37149371768619766 6.8402828690033868 1.371369
6.7654463263079627 0.43664536581841595 -1.489441
6.754917789571806 0.66282049658525644 -6.819296
1.3563701261970884 0.15378581753939979 1.245727
1.793311152264268 5.7244134063924026 0.485217
-0.26070242745045036 -0.17193439892360551 -0.479064
1.8871868461771406 1.2637800237812655 -2.271695
6.7645279421264473 2.8724732597856502 1.704233
