-2.109971857846725 1.241559904372652 -3.023421
-3.5142969736427849 -6.9685071401547072 -4.004510
4.991854614177166 -6.7950506929405732 1.136290
1.1541423499553645 0.84041270733613782 -4.409863
6.8619557150793042 -1.9170310799690604 -2.339368
6.9206358458682562 -3.5969823333234894 2.855065
0.82421721711461959 -1.7867371908746055 -0.627716
6.9744684072494447 -0.28687455342500012 3.531389
6.7059433924672369 0.56373630976775591 -0.522090
6.9538450239506435 -3.9311705373257277 4.745103
6.9463019461768951 6.39683559400844 -3.373167
6.9871800988064301 -2.028423002905793 -4.020942
6.7635261701388352 1.8701272618649831 -3.006417
-4.591190126648681 6.6602016793707453 -3.778632
3.0604043042336393 -6.5451407860185471 -0.861596
2.8050331779317741 -2.377372652256204 1.103839
6.8756932106772499 -0.95675314459349892 0.384335
-6.8870845562083076 -4.9637778781425563 -0.174049
-6.2295614621109632 -3.8012176063646335 1.962048
-6.3491785495439856 1.4924103800642357 -3.379502
-6.0180413836123074 -1.5964119186645851 -2.251209
6.5177042435766648 -6.0580939739889903 2.082798
-6.2150926381480209 -6.8415023645752857 -1.318138
-1.5598533566640231 -1.0208047510281526 -0.026239
5.7830327243333368 -2.6466757820111093 -0.702292
-1.1995121677972049 -0.69594767848545924 5.464359
-0.75114800755431599 -0.30829431998475432 0.608679
-0.056523100277773075 -0.13853117809761795 3.585489
-0.081210688373378304 0.046438207103827622 0.056320
-0.15792955088384897 0.16522814474037872 4.448125
-0.81053379298865469 -5.2483781188968628 -3.510372
-0.56554460296766162 -5.2249526280881398 -0.644007
-1.5761624328895278 6.9810121391935436 -0.114671
-1.7408637283851558 6.955016611221664 -2.714090
4.4459060925516862 -0.50706444614631607 4.326731
5.9469125611278848 -0.9528714683623285 1.420799
2.5064639664715109 -0.32193334582416533 1.963467
2.3194960307983088 0.12362787628507466 -2.238993
0.015230620817300533 0.53592269070578524 -2.020509
-6.8628878142292216 5.1201922722569311 0.394782
