6.5933857757910985 2.7662394023785239 -5.503011
-5.0237522276743958 -0.62446290376581892 -0.188456
6.9874175751825156 -6.7811901618311277 -3.960527
0.073841473247782119 0.82225892624551022 -2.549038
-6.7694579430057784 6.9630396941961408 -3.777848
0.33787591475186574 6.2508644682167382 -0.484856
-6.8541512895608303 6.6860504324379857 -0.356066
5.6088663499869078 6.3800548010095977 -1.998269
6.6129321932431129 6.7697091270042122 4.207588
6.803216685083795 6.8439221008327227 -1.121198
-6.0391427929860697 -6.7252062768420817 -2.020072
1.6875703251692276 -1.7588577255121223 -4.067485
4.3791735483814378 6.4481485177694573 -0.590712
-6.7486073763347427 6.3368455915170436 0.741702
-6.0582026791724921 3.2767217697266435 -2.625949
2.0062933724486953 1.3253154970833805 1.579436
6.684801405567999 4.1487229680677409 -3.617077
6.836444698747588 -2.3005004011114778 -1.444870
1.1194690509573419 -6.855222383341534 2.868124
0.56364279313436949 -6.8469389912450023 0.808075
1.3845459636013473 -6.8362246854591522 -3.406138
6.697062612678458 6.9416679211931953 -6.021209
1.7349041187374734 -6.8867430397889908 -1.315480
6.71210182000274 6.8512884639976832 -5.363450
6.9299297010604057 -0.040610886596166296 -1.028374
6.8949226825543253 4.5037003878742006 1.686409
6.8827882101787914 3.8462210531649621 -4.496293
4.1188040502008523 1.9105165441166001 -3.561501
-5.5130898163258948 6.8482978649557484 -1.622991
-1.2501981507492541 -2.0416438765506255 -2.769144
0.38719965173063464 -2.2108704917023712 -0.443457
0.55185816946096367 -2.2344426491110712 2.881250
6.1781487029561681 3.8118633493261758 -0.134662
6.986058391283386 4.3962379971065673 4.844192
6.3262030629412997 3.459693546348527 0.320413
6.1003793348560542 3.2600425633448236 -4.773633
0.40611221690632782 -0.19294468747601901 3.560228
1.1959630950225577 -6.8614973141848763 -2.491317
-6.879000943505047 -4.3351265550964975 -4.274929
-0.064061115652473966 -0.47927693012351913 6.714144
