-6.7187128834833594 2.8085215004121924 -3.430639
-1.1512049188781202 -6.2815145732230571 1.149932
6.4909642842797712 1.7197330002300202 -1.599166
-4.491184125911782 6.9538457681421608 2.752160
6.8204512861389777 -4.4273168160293519 2.582817
6.7698073018358293 -4.0666810698308993 -1.449851
6.7347748272607362 3.4893107196332309 1.475798
-2.256689206284368 1.9516269611928916 1.865676
0.12163591576572053 6.9012424868200419 -2.783219
-6.8198362433514825 4.6408642216521443 2.643796
-6.873890884617035 2.2791203094011649 -1.398160
-6.5950192110643133 2.3839887632490218 0.198394
-0.27196182714257411 1.5554174748150054 0.890707
-6.3715008462827951 -2.423490436104867 2.042804
-6.9485519767303643 -2.2780014196585281 4.608289
1.7429653773435376 0.72109458130287329 2.128271
-6.8418975504964514 -4.9462501004109383 1.844835
-2.1424858132430913 -2.6075911855614597 3.475293
-2.0895120969298961 6.7776470449515891 -2.216551
4.126469503946268 6.7302444952761196 -8.380908
1.1502955939469324 2.3627098234205732 5.720415
4.542194723299291 6.9329691278582963 -0.557621
3.6954839334800376 6.31604371538808 0.462299
3.3895582804697071 5.9063701761599372 -1.456728
2.079938510400611 4.6164707892711991 -2.802055
1.2680235593616551 3.6833051671817021 -2.023908
0.37350259446331169 1.0313993627746356 -0.590643
5.5087105935212755 4.6221617488818456 -2.814923
-6.6429584168977156 3.8324140669120226 -2.135270
0.45227371239778602 0.85335088857637231 4.486830
-6.4479049704684925 4.0513511077426649 -3.646315
-6.6553570788983478 0.17999010984089203 5.136426
-6.7242922374763072 4.780095916497423 -2.180168
2.6098708462339086 3.5907288376979416 -3.102763
-3.1749456317340137 1.0566895112519266 2.143628
2.2237295442221185 6.8838821362698095 0.903748
-6.8064753047586759 6.1085060685446351 -2.989793
1.1356490203957001 2.48450390353762 5.234546
-0.81037321657262495 -0.13894293228605203 -2.410317
-1.0579327990871699 -0.18903303935304017 -2.178568
