-1.7658843662548351 6.7535585020187305 -2.434572
4.2787825902621268 -6.9444218026545741 3.311822
-6.5733583554712052 -6.8451216784090807 -4.079844
4.652365447650606 6.6347189939578719 -1.039422
-6.8140025990139579 -1.5628424723066772 -3.584582
0.026259137336689164 -6.5427442368530979 0.639541
4.4960773463735695 0.71074886254632119 0.526602
4.2118611270263244 0.49039886174254388 -1.005027
6.9419662337930621 -3.3986615154170243 4.804382
6.9210302348282902 4.0457389607739422 0.881807
-4.338820610683209 6.8647065960021525 6.561001
-5.6377590131022792 6.8854231990158574 3.726480
-5.2997653614997891 6.9892968546845751 -6.662013
-6.732788783527794 6.4171620958882123 -2.588044
-3.7134981915327359 6.843373866978375 1.578022
-6.8774087286046264 5.7615870586795097 -5.984246
-0.46309436763341516 6.6012138771645841 -1.572989
-5.8291890322809152 6.6959061765463463 -4.941007
-6.2366631030256441 6.8634342840658373 -0.236862
-6.4269123877530312 6.6097728600056644 -5.519949
0.62410252306509406 -2.4749345323945358 0.787973
-4.2862709027796164 6.1203578483660817 3.436168
-4.5947826649280925 6.7520828511802264 0.279336
-4.3676262621178736 6.8365393413667839 1.287965
2.4670463537172651 -2.1221794799268388 1.283377
-0.15217224558541353 0.24415641007242073 -0.103940
-4.6433883878532853 6.6074847467197273 -4.506869
1.969742028307639 -1.3639990269871864 3.187557
-3.9836400950344877 6.3032476407045106 -2.951197
-3.620686414111959 6.7613587911476056 -2.316810
5.1573033506616071 -6.6803279055847913 4.837984
-3.3127841899308317 6.8808128519586962 -1.966261
-4.4723716771524735 6.1886090016471123 -0.858839
1.0300917606219535 0.34640034983953782 0.356949
-4.2820791674644614 5.9859591175960762 -0.397887
2.5037469386634044 -6.1985565839745185 -0.555049
0.4414172281118347 -1.1128048252412803 0.846317
0.060633507551274946 -0.53101521662188755 6.363330
-5.7024483006777693 6.7902400091938659 -0.342761
-0.20830123030522696 -0.23854819767035274 -2.408197
