-6.7907893037268598 4.0764954385107508 1.013986
3.9002112071292636 6.2781220468660273 -2.013265
-1.0453326467109498 6.8716547306077818 0.600192
2.8044553077553651 -6.2524555200697653 -5.644729
-3.3891219804374062 -6.7125815899737225 0.663408
-0.033528103961362632 0.37648619120908045 2.453359
0.07191196691217705 0.28060868487508372 0.757002
6.9283520251129627 0.91892496504936894 0.772134
6.8769151757435392 -0.70658999797342226 -1.767409
-0.91994474238729396 -6.8809414704535712 -3.731274
6.9586240510613848 -4.2882259902565547 -3.395798
6.6515100054669833 -4.3640583140541249 -0.263886
6.7746554863321489 -5.8470239999767157 3.039935
6.7362915748430794 5.132373136310056 -2.583505
4.8607784773779272 -6.74805126399598 -1.590030
-6.2552856713958604 -1.2894513787071151 -1.320562
1.9766201703085517 -6.7939060534552489 -1.273498
6.8974356419632432 -6.3065107867544103 4.979287
5.3428015999090182 -6.9911650208471192 2.107212
5.0064615738662415 -6.9328370569379949 -1.192964
0.80319778046309942 0.81556749222672131 -4.470192
1.5870298244544401 -6.1384361670641159 -3.989017
1.2612996934328837 6.4578278941096166 -4.943305
-5.8813990774064635 6.8132323761163551 -3.748248
-5.7298394708208473 6.7290805171471959 -4.714964
-5.7849646627005438 6.7883965508791437 -0.627594
-1.9624215109101968 3.4967613245797899 -1.318254
2.9005767766212713 -2.3370122802555322 -3.226026
3.2592580782261269 -6.6524899761068523 1.248789
3.7497683411780365 -6.9408446858696973 -8.213218
3.3870382294723846 -3.4894932403866319 -2.809893
5.1448412802837229 -4.4787716763225403 -4.059268
6.6783692526229501 -6.8216170201453572 -3.519100
1.0713129479134658 -0.61551599347863473 2.805326
0.59499069523035875 -1.0063004166510581 -1.664351
0.72614497620260998 0.72565396923156555 1.670080
-3.0415607010383949 6.6705268043106631 2.230358
-2.0843397466776548 -0.4331541667316916 0.419200
0.094195092999958874 1.4860167502134605 6.030784
-0.49953914403652622 1.6209970417970183 4.361005
