5.4400256959133575 1.0955007608070577 -2.622631
-4.3745166334240979 -1.7783000663543627 -1.995489
-6.5123352355905322 2.3323387626961907 -1.438475
1.2774387101702338 1.4312495560279928 -1.832979
3.83446185995526 6.9061412307853267 -2.924419
4.0192785044961017 6.7215972920752325 -0.439168
-0.3507519379351649 -6.8205279171227815 3.174034
-0.076847166455266347 -6.7396564365746956 -0.125200
2.6121516807970053 -6.7107444065713855 -1.532258
2.5119717972995126 -6.9059773115292948 -0.576189
2.8611040283697804 -6.9628729608090811 -1.178575
-2.6607878941168321 -6.7877197685820931 2.493155
-1.6407243486905188 -6.9303204423763418 -0.329787
-2.5363276243715838 -4.0935841386012308 -1.400961
-0.92017710259145158 -1.6473466041789173 0.073145
4.5048244551772925 -6.6443540801971084 -3.790823
-5.5039909631551858 -6.8847928551448963 -3.018790
4.5838681574136402 -6.8395512838216508 -3.732542
0.82622977347139326 -0.69682044164198231 0.901914
0.92635515061432283 -1.1307432563476505 5.545415
-0.73755482337247891 6.8136114582440808 -3.016419
-0.12351182932280391 0.34671093285206211 0.240534
1.4173170385634517 -1.9753716733515825 -2.652530
-6.9239858802969927 -1.1883737892974091 1.507507
0.95148257423713734 -0.78926108954172847 1.744719
0.65936277968963353 -0.75564197116770959 1.068689
6.9110001698918193 -4.6016639985768295 -0.114235
-1.9424224886430697 -1.5410738709631682 -3.164329
0.99118493929420115 -1.8166388397760098 -2.466000
2.7860000607044473 6.5503351690141489 -1.325093
6.9598018288699723 4.0142368990175985 -3.064238
6.899010394706993 4.5363800889158465 -1.210905
6.9100246670718182 4.4335372942523872 -1.886129
6.0512799518861993 -0.86261216438263499 0.446358
2.9097268804608714 -1.2598213174319515 -3.464015
-0.34728439720927362 -1.029537294085352 -2.317252
-0.2453696027699559 -1.1014398890530241 0.612692
-1.7937183526791101 -0.09716436427148345 -4.550517
-1.5687673513016271 -0.050223443837420056 -3.710793
-6.4282601051572188 0.52160473653641226 1.746615
