3.4392050670768555 -1.3919068029345301 -2.198295
4.6134522373897155 6.6638718961953671 -4.264508
-5.9261689161885212 -6.9008302156996182 -2.855399
0.28207741076098802 0.85468379844502262 6.122506
1.3067972564067425 6.7048437784108543 -3.392308
1.905893969952082 1.4405709112294254 4.853684
1.4039156041777954 6.5227552086452452 -1.373434
2.6997098667782815 1.864756062365446 -3.257250
-6.9249010488859906 4.6210639126865996 -1.289384
6.8867931954713786 2.4410154921668408 -2.266107
-6.971587148733084 -1.8609178697329458 -1.975931
1.8114744645633181 0.1805671009946046 1.634573
1.940349931568532 -6.9404509708979774 0.071726
-0.98580944016248395 -0.30829354495269357 3.851539
-0.65985597035848809 -0.30168358442402265 2.488618
-0.47057506681412331 -6.9975727816082891 -3.443668
6.9018396196580181 4.7355535978667511 1.134684
6.9459539209597221 4.4261033738297062 -4.381945
2.1211529130600724 2.2815152408412107 1.538377
2.2637497113768319 2.2376613735424939 -0.530512
-6.7953598944089793 -0.19034796656947339 1.747530
-0.23431714605270493 5.9128256375139188 1.254983
1.4540961116201956 -1.8741845042411764 1.369492
6.8926558317832498 -4.2542803956360018 -2.225601
6.9930491661030967 -4.5858756734357566 -0.971545
-1.1828472292068568 -3.1295803576455956 0.707374
-1.0501061584881555 -2.8396334793049416 -3.805084
1.5642076755043508 0.7020015133908668 1.556216
6.8611843298765738 -0.13812422402090441 3.400309
6.9238122686107122 3.620814398083688 1.224703
6.8937867781625002 0.48884237017144727 -3.169875
6.7258983478358925 0.96428159264961621 -2.504485
4.2784140183257389 -6.3203828303239229 2.328466
3.9634964903291223 -6.0306399403696354 -2.827010
2.9064540866101574 -0.35297389501683263 1.241675
6.0412502241004944 0.1385946694368414 3.493989
6.7900664344570476 -1.7268852452841248 -4.409668
6.8572786144224498 -1.9155906410591301 2.725258
-5.1382211444225119 6.9065012993945771 4.784311
2.2984403572677419 0.96603640463815488 -4.044305
