-2.7912096156230195 1.4462710896146405 -3.367910
-3.1132706351419506 -6.8742042963985126 -4.768801
1.5464325392310112 0.24785319731273159 -0.637273
-0.83165798675537239 6.8286728010506135 -4.796583
1.8980772809334532 -6.5605549198947521 -2.867183
2.4740351481603842 3.4091831097888665 -0.937843
6.7041232745615407 -4.4132926772214747 -1.303925
-0.66745523012663455 -0.02391597328671935 3.904391
-1.073416268519197 -0.47160311317462078 0.813322
-0.92674215113730973 -0.20136825111855217 4.147342
-6.864828729540382 3.6048238728445554 -5.851597
-6.7205126858032003 2.9551803590402379 -2.851331
-0.913357887642543 -2.3388681982977895 -3.855077
-6.9505135219864531 -6.8304830414616564 0.490140
-6.1052928687795216 -6.2329440884280416 -1.782944
6.8329726757951299 4.2521350197711296 -4.390353
6.6520066241336107 4.2030652843430101 -3.931546
1.2867780717855695 6.7690063290227602 0.127803
-1.0140734910576725 1.4917688953911004 -3.674177
-6.9540708884821001 -0.67829002621044232 -0.060090
-6.9053246092697709 5.7057425318986148 2.912335
-6.5943199930793632 1.8955835018536824 3.117526
-6.3698642676194979 6.6744772626906776 -3.627425
-6.8930189825708945 4.9836608923171912 -1.841341
6.9689296995528967 -1.6661714302983759 -1.150484
-3.0521927257957993 0.52672925778920465 -1.996389
-6.8889139985285617 5.0179004033545382 -2.595054
-3.1113563058474076 2.3591287747612935 -1.910802
0.32880920641172029 -0.215672447474347 2.242271
0.46469398233844927 -0.8531889708225906 0.490622
4.0860991751074955 -1.7726272164650325 3.287545
-6.7018039881664908 -2.7116122010835939 -5.993019
-6.9742001673175276 5.2221743516774808 0.773338
-0.47146925944931972 -0.82804523559247656 1.035154
-1.6026769294397729 -0.46184602390066409 1.070887
0.12266718196131521 0.38413452172609652 -3.432217
6.6516540052677158 1.9473365154626734 1.670304
-1.402497491866594 0.61620787847066971 -2.256662
-0.99050386326682194 0.58633733257905263 -0.782115
-3.6057001990332713 -2.543757313473499 -5.190869
