0 21.307433
1 18.755125
2 19.978826
3 15.611478
4 16.111923
5 14.629904
6 13.137827
7 12.803114
8 11.479298
9 12.976446
10 15.554123
11 14.235894
12 14.378990
13 14.626380
14 15.603436
15 15.213038
16 15.827070
17 14.805560
18 14.669452
19 15.102633
20 15.850147
21 15.331265
22 15.901499
23 16.724110
24 15.703947
25 15.162112
26 15.619676
27 15.262132
28 15.310234
29 14.940506
30 16.204453
31 16.010701
32 16.854271
33 16.064716
34 15.858313
35 16.201376
36 14.640004
37 15.053802
38 14.623381
39 16.209571
