0.052011412150852365 -1.8481620021012644 5.692932
-6.0864512246960585 6.8195715211177159 -4.032085
-4.6601594487636628 -6.5709944889321479 0.335134
6.9866296447818055 -4.2879815325685868 -0.461936
1.8111096112277068 6.765974700781296 -0.436047
5.5483798224514 -6.9878234665782397 0.379662
-2.4312345264769171 -6.9656384303577017 -1.595566
-1.5851440515697988 -6.9520479387458174 2.727156
-1.5843317673617765 -6.6947321438198841 -1.838587
1.0005986584632645 1.6383737631168067 -4.345516
-6.7272479810847825 2.1047859593602869 -2.788525
2.300784067417176 6.8272198538137729 1.899905
2.4870509268574956 6.7013046568170633 -1.483350
2.255977455371065 6.3341647171629507 -4.567546
0.092950286784324376 6.7283799360054175 2.060455
-0.99862494979114569 6.9020135041540893 -2.690498
-0.60146838139189907 6.1409463294491928 -2.260540
-0.38568206383177994 -6.988830198354214 2.809587
-6.8384936064386528 -0.98100828787554928 -3.611891
-6.610905821225221 -2.1878242585690968 -2.570873
6.8779131460080762 2.0741070080056421 2.245266
-2.7018292180397045 6.7593625348624133 2.680072
-3.1091798241109099 6.453674239157797 0.148538
6.72043782982918 4.8554120755217092 -8.748911
6.9793890862096095 4.6356752606456784 -3.216712
6.6749462589706869 6.9608076453764198 -2.897623
5.6136903513473637 6.9577308321595766 1.038803
4.5037312384373163 6.3899286708655261 3.427543
2.7641680646149176 -6.7822211318927756 1.367743
2.6526535823246231 -6.9667148026057735 -1.084718
6.9516888285642171 3.627455470977953 -3.036522
6.4448863967416994 6.550087784609909 8.033278
6.9122587785575629 5.9652345337005901 -3.218388
6.6411971849753844 5.9458495993314724 -0.619115
6.8604530855637194 6.3910316424044744 -3.239399
6.5216998423095802 6.1466582333131843 -2.560081
0.6133439706313073 -0.15681713414277088 -1.212838
6.0215662703727446 5.2752262987279597 -6.269819
1.2066372276776782 -6.7988456169525655 -2.104445
5.5234899486374971 4.6375709383002075 0.719993
