0.79811642500776347 2.0188122697707289 2.201232
3.3222773494681892 -0.7158618021001466 -0.255968
-2.0733308171136624 -0.057531084894205442 2.227023
-0.80403883949627186 2.7482284106951962 0.470080
-1.5914382802715457 -2.0893292719634919 -5.829476
-2.7416254915420017 -3.1238159580250331 0.567136
4.395411575411611 -3.9720121983347063 -1.019252
-1.6186783990499718 -2.1432849615089591 0.110917
-5.4153016227736757 6.626905990762852 1.338434
4.4428297788244926 5.6944653539727934 -2.802683
3.536329916216296 3.514125225293057 2.618871
-3.5491282665509418 2.2955200397209463 0.420993
0.72065263546588376 -1.7545425590659942 -1.758288
-4.9774433329887522 -0.20583064316086919 0.317578
-0.18442292084989909 -6.4601681634298203 -0.962031
5.2341068666236499 6.8024672861509892 -1.997016
-2.2782664759812663 -3.9385027556039827 0.043270
-2.0242238251595293 -1.0033717782229115 4.350609
4.8134213152645984 -6.5392664472443132 4.913262
-2.6677217413948275 2.2087971846800194 0.021983
3.5205631339230532 -0.32707572887305769 0.076533
-2.4968164368025647 4.324667714684594 3.433944
-1.9920184609534619 4.0923535653333118 -1.969942
0.67231353199155919 -0.31707503568001094 0.136017
2.9906673612510648 0.81654203569778083 -2.183626
6.6584545202807917 2.9750944388776794 1.171092
-0.11625301925988207 -6.4112194016337591 6.697867
1.5742928924558104 4.6516494199482441 2.435146
3.0920500217037983 2.8439007840279427 0.292019
-0.099310047353097453 -1.7670391507005201 2.023534
4.8594521526717713 -1.6799376754119395 -0.660235
-0.53430499899520356 -4.1925948609533199 1.005251
0.50152456779261101 6.8625131906120416 -1.192567
-2.3064100740631739 -6.6568311409411374 1.745935
-3.1078951080690933 -1.9397506571260328 -1.959933
0.54492242971724458 -2.9340113316032017 -6.520392
5.3884295449000561 1.8822408950444576 0.221713
-3.0302043382827946 0.93742572290572568 -5.713389
-5.4522190050087413 1.228031766289515 -1.580739
-2.1822198735850753 2.8279027886565622 -2.048829
