5.0243490499183618 -0.090933291420078888 -2.254929
0.93035787048821028 -3.8011845566981375 1.690548
-1.9931731425346939 -2.3286639469657384 -3.295513
-5.5032875690905403 -5.3126682800992331 -4.127328
6.7311307296300207 0.98185361109356162 2.962551
-3.7709521439311846 2.220412774229418 1.668388
2.5125767202555576 1.3033418571161093 -3.291333
-1.126350315659991 0.0068030256150706236 2.426680
-3.8158137219628339 -2.5950990068853095 -4.615202
2.1165538090159739 -3.6996803137028684 2.941401
-0.87186331834563102 -4.8195977761676616 2.130735
4.6488453112653954 -3.8103687394754653 -0.118723
6.6141928167787558 -0.82318873286036176 -2.787387
6.6332960699674697 -5.1072612426416617 -1.944898
5.1214379458618424 6.2637278820764095 1.770494
-2.9825013509913196 -4.3372600773927461 -4.750679
2.1518709650606223 -6.5410201217805533 -0.778715
-0.018858346041278118 5.060418906402262 -6.310081
-0.29525424632089869 -1.8288442765066506 2.225042
-3.9154662129536422 -3.9485740906610025 0.575843
-4.9391574227493198 -0.7561045110140876 2.941786
2.6426030433749705 6.6259379106308725 -4.849299
0.19444940166016433 -5.4502871521275162 -0.509871
3.1616737089429652 2.5679874256685231 -4.961204
6.3493368003341608 3.3664635209935074 1.135540
-0.051198220307673736 -0.008434725007774091 -0.368435
5.8177563075598133 2.0778945812817025 -4.686583
1.9712041649987189 -1.5589265770855638 -4.846112
0.51782121945415849 -5.4858084502441695 3.414874
-4.8595091815913598 -3.7240019909861557 4.946353
0.95187197995781148 -1.706340725400918 2.444871
5.2586186461046864 -3.9724051121493642 -4.985396
-2.8416212386633646 -5.8427131447054466 1.808896
6.8226729288093999 1.8553297406935965 -3.651003
-1.912556230832319 -5.9524482125989211 3.031172
-6.2278256539264696 -3.3813112274027892 -1.901679
2.9555902052267342 -1.2254781240706771 -3.884362
0.52932012785388238 3.9176356967393655 -1.230613
-3.6001099478860006 2.4324016241537869 -2.174259
5.0746889969483604 -4.3964194084298924 -3.310846
