0 11.095729
1 12.997578
2 14.977421
3 19.723969
4 21.413227
5 22.048980
6 17.573211
7 16.269011
8 14.933024
9 15.298822
10 16.791321
11 15.731300
12 17.266220
13 19.842596
14 14.705302
15 16.260809
16 16.844370
17 16.365035
18 18.564583
19 20.195759
20 18.149408
21 20.002766
22 22.808698
23 23.174855
24 23.090236
25 23.748385
26 23.703240
27 24.448055
28 24.471430
29 24.690708
30 23.052265
31 24.523630
32 25.287815
33 25.051982
34 26.129664
35 27.901550
36 26.652608
37 24.315926
38 24.304026
39 24.819239
