-3.1770592299798297 3.784588739931003 1.365967
0.84311729324723927 4.7367480638579131 -3.785245
-5.9816593664369595 6.5573284207051081 4.879044
5.9344741661019089 -0.29962619573283611 0.374129
2.601926567492006 5.3548581534457043 -0.442355
-1.1035201527813454 3.5817811615244981 3.928708
2.3598960815878307 2.7126438123332122 0.610214
-5.2974866726496481 2.2258180156071727 -4.235329
3.7851354100102892 5.6254987467382467 1.513086
5.0864013874617342 5.4404414312361826 -1.381356
-4.0822476757833552 -5.952702894518846 -6.454482
-2.145794753847003 0.83404032657787575 1.388290
-5.9942491653109853 4.9794275897904772 -2.928784
-2.754239069685009 -0.081686337304098799 5.136776
-4.6069709497196092 -5.963098543031335 0.758385
0.03984966116469657 -5.2464706598829833 -6.507350
-4.5793228501983956 -3.921318815715102 -2.214017
2.818005284928816 3.3085617098349847 5.457969
6.215931869771314 3.201791320864789 -0.771920
-4.6233696168000753 6.8097819814330318 -0.693751
2.9910432321960307 -6.8924237231101504 -5.273263
-1.9526956069489536 4.830350274400999 -0.741980
-3.1692794831057287 0.90390797393043698 -2.636602
1.4462673154007586 -5.0317514103664456 1.948582
1.5628215722456691 1.3128878257535668 4.501722
-1.1925905862498087 3.82307932013242 -0.402558
-0.73754799676231464 2.9583871726936426 -1.773911
3.0926966889441356 -5.0135575358389897 -1.298630
-1.9212914715263647 0.92525358938156543 1.396829
2.3095240015280734 -1.6432869194800706 -5.587083
0.41104917239942385 4.2322442121476644 -0.916726
4.1507599049603616 4.2242382177971134 1.083352
2.2315003263989492 1.0525595033370436 -7.644744
2.4636383277589005 -6.113899691452505 -2.769397
-6.1587544485486108 5.9071784129228426 1.982690
-5.4921021481913073 2.1491818340186768 -1.477932
1.2317393040268261 -0.052318899178846578 2.501988
-4.1512504062329807 -0.12916773176753971 1.108519
-3.3384951531706495 1.2545787342469819 2.358820
2.8281730244163263 6.8415074147416224 -2.320266
