-5.3707605310416806 4.8954947647786913 -5.765198
0.33626987906110362 -0.069635849111840287 3.443136
6.6595682631651041 6.1993388168277388 -5.571522
4.7742964826507777 5.8296236871509404 -0.452866
6.7458014698673132 5.4106566086162164 -1.443558
5.1454280017543894 3.6715931671566242 -3.759459
0.79456196609976004 4.1076846979608757 -4.465829
6.0779524771949447 6.8270650043972712 -5.396808
1.5037335332329533 0.80087134371162705 2.721381
-4.1380475295781913 3.2986345845911895 -7.160384
-2.9474706745017549 6.6001471055183067 -2.975936
6.3920376352261936 -6.8173867613267554 -5.524061
-5.9886790196236799 -4.6448969441945831 -3.876805
-4.195929652430058 -0.20903470156609938 1.793311
-3.8041356511666731 6.1460629196697685 1.801067
-5.236766670346495 -0.78880888769477764 -0.827863
0.74397880367656466 -2.111653537783944 -0.704067
5.5354385008677962 -2.4892058440552205 -0.398074
-5.4143741060477195 -4.6350901927306598 -2.632232
-6.0914658802676032 -3.1940908418147433 -5.490789
-4.0269946719723757 4.0777337785810115 -1.936437
1.733920074133815 5.6639374268444982 7.445927
-5.6472341774585182 1.9512973137313452 -0.596433
2.1036013560758118 -4.0730218630510313 -2.360024
-2.3239610048088082 2.459161080033061 -0.665588
2.0642295083970037 -4.9772097760933356 1.185653
-5.2271656682178156 -5.7453878678755732 -1.689326
-4.4179866327673416 -1.3358160181700054 -1.185931
4.8448127853342857 1.1398166187601415 -1.508715
3.8390729150463763 3.3450641542962511 -2.523175
5.0006773242122762 1.748739493506335 1.488272
4.1837552850032509 -2.418467542840169 1.829024
-1.3119226901456651 -1.2804770444634759 -1.664366
-0.38182327947701999 -1.5613032935518678 3.254204
-4.0324391337696222 -0.05032720957406589 2.062176
0.76301604039337523 -2.3169337525489242 2.052965
-0.42392323433684265 4.4158587324383127 -2.071677
0.68274432850327038 5.5678651094548854 4.208485
-1.5665385097883373 3.0978381344568025 0.505445
-4.36293414590381 3.7385982561923967 0.528134
