-5.1425030930600135 -4.582211844239227 -1.629909
0.69599756479180108 -2.7756632890447479 0.300324
-5.3543982732873801 -5.1351805460744453 -3.851626
-6.2634350861254688 -6.031295885518043 2.047937
5.1856054686693582 6.627468020123974 2.932128
-2.9385735582805586 6.2721212795360355 2.343007
2.7276855878006074 -0.54343319769103093 -0.559991
4.1964275030610843 1.6499910823010957 -3.209800
6.8785053549199837 -5.6177244177893959 -3.201270
2.5771892447891513 -1.3560153871896787 2.754539
-1.5634207003797886 1.2385676479586802 -2.170494
-5.0811064243338606 -4.5046068185332366 -6.802515
3.3705189975027601 -1.9123759165508716 2.284991
1.5750491285251442 2.0198544509125949 -3.483888
-5.0582939092863182 -4.6074003159947621 -12.352584
-3.1412636424986271 4.1170274089997125 4.040034
1.0921759576441676 -0.58089651241412632 7.288381
-1.529902399261907 -1.8827535274355736 1.594166
-2.0770810197807794 4.2746664199003899 2.878461
-2.6324960821051064 5.4799342995477289 -5.290487
1.9457218761136783 6.2576539921921945 -0.161466
5.0966584207770378 2.6734425364417032 0.771315
6.8630233223281376 -2.862059161356858 -3.108664
-5.4582955462788938 5.5244327508434168 -2.641092
-0.52048074998717819 -4.0445208302728979 4.268219
0.46009288355667799 -4.8856001925076988 -0.042340
6.1442892631980914 0.87496349439654697 0.001366
0.68680102305702029 0.51128515443261247 3.091416
-5.2115946782677138 2.4555088411474451 -5.121715
-2.178306482824599 5.1199454055323574 0.559754
3.1948372392992912 3.0832157973603884 -0.779667
6.3218832996648597 -0.64308917975055646 -2.373483
-4.0562031838268453 6.3790854403216475 -1.214143
-5.3163124471899108 3.8756554992307635 -7.135026
6.9260547070900689 -6.440856632055711 -3.117812
-2.9269483994617236 -2.5715908591746528 -5.549277
1.2613560601431697 -3.4132474502674386 3.710726
3.9567641238530946 0.57846000330195935 -3.129458
6.8343972374981199 4.1770119732944551 0.730681
1.6482695325814287 6.2307000515684123 -2.743138
