2.6961531217757582 4.2802523962654444 -5.457657
6.7067267709046288 6.5730475813251878 -3.426901
2.5709189458030046 -1.2018781656785498 6.572525
-3.9912330817995931 -4.2440389523493458 -1.525921
4.8167120949757116 -4.5623245613396541 -3.688464
-4.0174622716894408 -3.2117508406468867 -2.473467
2.8470649399724692 1.0514069634797334 1.593974
1.0482607841412843 -6.1797217531134532 0.766267
-1.4304871108981736 -4.7555967143047928 -0.260528
2.1063263966556232 -1.0708119345459153 2.885031
4.2685800017816096 -4.8511884663337739 -1.710723
-0.20791957454353405 4.8410857996050165 3.069824
-0.25543222426111178 -6.4598494449728232 3.758390
-4.2832494946642168 5.7550912379267309 -1.193584
0.54039297803296016 6.7372725731610572 2.812080
-2.4167818923114588 3.142932806547698 1.630946
0.44465589378526804 3.2256060868270193 3.681847
1.0888714090477531 2.4173148439891392 7.247207
1.8904049008049597 6.024922203514592 5.420050
-4.0148895793229462 5.405290078451273 -0.950805
0.91281658446089331 -6.6816582113446126 -1.969280
-5.0576267755529027 -3.1110997423923874 -5.082981
-5.768856545329144 5.5031147919969676 -0.963638
-5.759259898498633 -0.86723278348059907 3.889509
5.2705486623186317 0.97947477465836386 0.334080
4.5650867125321994 -6.5435614364056214 -1.381070
4.8015266154650966 0.59304624369517267 -3.437689
-4.9462392290502857 3.8511959493618324 5.496125
6.6571829717829232 -1.3479508419585269 -2.652646
0.16727706302400058 2.2159522748050353 -2.154055
4.2417665593875107 -2.7367813185871741 3.329499
1.6697755949468824 -4.9834736796555319 -1.961668
-6.6235066236854987 -0.81243252032716917 -3.535554
2.7494690533171777 5.9570481587161446 -3.803322
1.7159901815306551 -5.5064879958552222 1.727964
2.0827173564040677 -1.8324554389625867 2.106447
1.740761901603241 -5.9077926341779063 -0.685608
1.1500998702290222 0.64977849403928101 -0.054881
6.9409002233579393 -2.447135525800249 -0.020626
-2.8831983552701752 2.7345915950778554 -2.702913
