6.5115183944874477 2.6473850213777688 -2.163592
6.63214209539791 6.7961709408049558 -2.345480
-0.32951233909558741 -2.7585210501772002 -2.325348
4.1929041175747024 -1.2753959796842302 2.193437
-1.7791255102622721 -1.891486984564664 0.151343
2.0525555934852164 1.4101793163308933 2.926412
6.4372132685935686 4.9097071819532641 -4.791040
2.5649126255462669 5.4751037482872693 -1.818540
5.0375905073725704 5.8433560663816557 -3.188115
6.1236890522034031 -3.8762036396207158 -2.735565
2.8508241416957851 -5.5773190681407092 -1.403189
1.9882310231283125 -0.84872192635619648 -2.328749
-2.0728779264691424 -6.7895889477022973 -1.858744
-4.3802759762524319 0.43777890851711643 -3.422403
-3.0493387600321755 -2.0754291034085046 -4.121764
3.530379712661496 2.0975488100444331 -4.823174
-2.992157405427136 -1.1903229776897524 -0.977017
-4.5649462712287789 1.9986266858059594 -3.966809
1.0399239385608841 0.53786255617538181 -4.882824
-5.776402575863564 -6.2981859436902736 0.792032
-0.86241774180863384 -5.55256325397644 -3.584416
0.5296785572477507 3.3080094860823657 0.502319
-4.2326891835416296 -4.1264564723940484 -4.263269
5.7664388061905409 3.8327549526851961 1.958480
5.0631221261401524 1.2720110961855742 -0.751786
0.15106071028670076 0.041317706373392937 2.693048
2.1902397786074452 3.0049750298330249 -2.041187
-1.3789926252842886 3.8847217141177062 0.452831
2.9400817746273802 6.6618468498622914 -3.216130
-2.8422402939344034 -0.34041859858781098 3.111388
-3.049824097840439 -6.0242238549745633 -0.344845
5.1758831227907258 3.9034464660168648 -5.035000
0.95330461001697486 0.87372264204558459 2.174482
0.44789375218296357 -5.9195935226537415 0.673922
1.5113505998541861 0.59608811043754972 -1.672501
0.21475591340228917 -3.9165379478220066 1.604961
4.0525870269487836 -4.9424278229699476 -0.772083
-5.2012138220501996 6.2767707248361582 -6.391998
3.9208377628941093 5.1142697862668545 3.192647
-1.7615506627416959 -6.9201541335301684 0.011605
