-3.2420812064252305 2.4262176172473477 0.425743
4.6627820189334788 5.4149088660170719 -6.759387
4.0404812091586155 2.5716809109667214 1.484910
-1.3908499528577156 1.4669074408288871 -5.294062
1.8645825629311332 0.01210746601396373 0.298566
6.3168448487996685 5.684436651132982 3.806658
-0.11215350454862616 -5.9911815228645624 -1.963309
1.9109195217829704 3.554543447446342 -5.281846
-5.0434535444776145 6.3808243233694828 5.309080
-0.53210018706461781 -5.122512299084705 0.450902
4.5425916568837188 -4.5177216666958602 1.887754
6.2795555852501721 -6.1799512152230216 -1.251810
4.6035123232575774 6.6681414167159119 -3.134188
6.6596299029034061 2.7043855354567476 1.291201
-2.57739669160771 6.267750434548871 -1.052786
6.9594862748738784 2.4229937887768713 2.866656
-1.9654530521589297 -3.8427884642303622 0.473102
-6.8310525320443407 4.8809107275724521 -2.962657
5.5550617137442746 1.3730573536264163 4.373392
6.1337832743948848 -1.1570605703078041 -5.875957
2.5107373440923197 0.18451748160237091 3.923320
0.78724219230287229 -2.5436382264424084 -3.844321
5.371033795039315 6.4989257338015065 -3.448284
-6.7320115161855778 -5.6821421669026915 -1.066998
-5.1120260850249339 2.6595914948799759 2.516293
1.7281801825236194 -5.8727069103537648 1.186860
-1.1285689394086456 -1.438472473034599 -0.524189
3.7559923684625041 4.2899784795486546 -1.114250
-5.1114302903431224 -5.7646571598757443 0.348391
4.0616821026663299 4.230856186107129 0.291415
0.26126487219775285 0.23750623079608157 -2.254312
1.2276326296337263 -6.1277471053072645 -3.916444
1.9585259394190686 0.081307018350048388 2.845434
1.7047699210148579 1.7398961169358511 2.791190
0.86384719330321857 -5.1438735322324121 2.177759
-6.8745668131159237 0.427326693107835 1.725499
6.5987594990033198 0.45355922779748781 4.795428
-0.36955234340517418 -1.9079547608939986 -1.770393
-1.8267273144056855 0.95351336999007597 -1.025211
-0.66194174247543991 -4.0023124983934721 -0.988485
