-0.101320 0.138822 0.110922
-0.106160 0.148031 0.109256
-0.494543 -0.228943 0.000000
-0.491536 -0.216658 0.000000
-0.495907 -0.241648 0.000000
-0.491249 -0.240745 0.000000
-0.111423 0.121342 0.438999
-0.105698 0.122626 0.456674
-0.105426 0.149345 0.035198
-0.108246 0.142642 0.072727
-0.495872 -0.242835 0.000000
-0.493680 -0.246070 0.000000
-0.480922 -0.241910 0.000000
-0.499564 -0.242444 0.000000
-0.498585 -0.249290 0.000000
-0.112575 0.144093 0.072480
-0.100444 0.129826 0.000000
-0.488741 -0.248609 0.000000
-0.101473 0.138472 0.273670
-0.497327 -0.247200 0.000000
-0.122392 0.144323 0.145258
-0.112233 0.147058 0.174583
-0.492835 -0.249381 0.000000
-0.498717 -0.236269 0.000000
-0.103657 0.146212 0.000000
-0.493179 -0.247108 0.016125
-0.109161 0.141458 0.000000
-0.109086 0.138308 0.107887
-0.498169 -0.237891 0.000000
-0.496332 -0.243994 0.000000
-0.108578 0.114505 0.489141
-0.101923 0.142151 0.116512
-0.101050 0.146465 0.330363
-0.116208 0.144919 0.000000
-0.487692 -0.244176 0.000000
-0.492153 -0.247976 0.000000
-0.100104 0.139934 0.580824
-0.103223 0.149097 0.000000
-0.496305 -0.244759 0.000000
-0.498111 -0.241567 0.000000
