-0.488205 -0.236869 0.000000
-0.107515 0.134613 0.254554
-0.493150 0.146313 0.000000
-0.107833 -0.233974 0.000000
-0.102816 -0.242504 0.000000
-0.497983 0.138700 0.000000
-0.111831 -0.243187 0.000000
-0.498626 0.099305 0.000000
-0.499349 0.112527 0.000000
-0.102578 0.136239 1.149749
-0.496264 -0.243932 0.007211
-0.107606 0.148728 0.091344
-0.105166 0.123806 0.412448
-0.100190 0.146012 0.281646
-0.102613 0.146654 0.647454
-0.497367 -0.235598 0.000000
-0.498098 -0.244682 0.000000
-0.476732 -0.241599 0.000000
-0.498765 -0.234678 0.000000
-0.124289 0.147536 0.046645
-0.105347 0.146683 0.159515
-0.499886 0.072772 0.000000
-0.499747 0.113547 0.000000
-0.498172 0.146534 0.000000
-0.499567 0.142988 0.000000
-0.494714 -0.248548 0.000000
-0.100743 -0.243843 0.000000
-0.116067 0.148297 0.132390
-0.496348 -0.236857 0.000000
-0.494060 -0.245453 0.000000
-0.492294 -0.233221 0.000000
-0.106975 0.142762 0.544413
-0.497951 -0.051686 0.000000
-0.100000 -0.240281 0.000000
-0.497921 -0.242663 0.000000
-0.499381 -0.019505 0.000000
-0.476652 -0.247014 0.000000
-0.376653 -0.010522 0.000000
-0.498870 0.130088 0.000000
-0.118290 -0.249657 0.000000
