-0.500000 -0.250000 1.000000
-0.500000 -0.236667 1.000000
-0.500000 -0.223333 1.000000
-0.500000 -0.210000 1.000000
-0.500000 -0.196667 1.000000
-0.500000 -0.183333 1.000000
-0.500000 -0.170000 1.000000
-0.500000 -0.156667 1.000000
-0.500000 -0.143333 1.000000
-0.500000 -0.130000 1.000000
-0.500000 -0.116667 1.000000
-0.500000 -0.103333 1.000000
-0.500000 -0.090000 1.000000
-0.500000 -0.076667 1.000000
-0.500000 -0.063333 1.000000
-0.500000 -0.050000 1.000000
-0.500000 -0.036667 1.000000
-0.500000 -0.023333 1.000000
-0.500000 -0.010000 1.000000
-0.500000 0.003333 1.000000
-0.500000 0.016667 1.000000
-0.500000 0.030000 1.000000
-0.500000 0.043333 1.000000
-0.500000 0.056667 1.000000
-0.500000 0.070000 1.000000
-0.500000 0.083333 1.000000
-0.500000 0.096667 1.000000
-0.500000 0.110000 1.000000
-0.500000 0.123333 1.000000
-0.500000 0.136667 1.000000
-0.500000 0.150000 1.000000
-0.486667 -0.250000 1.000000
-0.486667 -0.236667 1.000000
-0.486667 -0.223333 1.000000
-0.486667 -0.210000 1.000000
-0.486667 -0.196667 1.000000
-0.486667 -0.183333 1.000000
-0.486667 -0.170000 1.000000
-0.486667 -0.156667 1.000000
-0.486667 -0.143333 1.000000
-0.486667 -0.130000 1.000000
-0.486667 -0.116667 1.000000
-0.486667 -0.103333 1.000000
-0.486667 -0.090000 1.000000
-0.486667 -0.076667 1.000000
-0.486667 -0.063333 1.000000
-0.486667 -0.050000 1.000000
-0.486667 -0.036667 1.000000
-0.486667 -0.023333 1.000000
-0.486667 -0.010000 1.000000
-0.486667 0.003333 1.000000
-0.486667 0.016667 1.000000
-0.486667 0.030000 1.000000
-0.486667 0.043333 1.000000
-0.486667 0.056667 1.000000
-0.486667 0.070000 1.000000
-0.486667 0.083333 1.000000
-0.486667 0.096667 1.000000
-0.486667 0.110000 1.000000
-0.486667 0.123333 1.000000
-0.486667 0.136667 1.000000
-0.486667 0.150000 1.000000
-0.473333 -0.250000 1.000000
-0.473333 -0.236667 1.000000
-0.473333 -0.223333 1.000000
-0.473333 -0.210000 1.000000
-0.473333 -0.196667 1.000000
-0.473333 -0.183333 1.000000
-0.473333 -0.170000 1.000000
-0.473333 -0.156667 1.000000
-0.473333 -0.143333 1.000000
-0.473333 -0.130000 1.000000
-0.473333 -0.116667 1.000000
-0.473333 -0.103333 1.000000
-0.473333 -0.090000 1.000000
-0.473333 -0.076667 1.000000
-0.473333 -0.063333 1.000000
-0.473333 -0.050000 1.000000
-0.473333 -0.036667 1.000000
-0.473333 -0.023333 1.000000
-0.473333 -0.010000 1.000000
-0.473333 0.003333 1.000000
-0.473333 0.016667 1.000000
-0.473333 0.030000 1.000000
-0.473333 0.043333 1.000000
-0.473333 0.056667 1.000000
-0.473333 0.070000 1.000000
-0.473333 0.083333 1.000000
-0.473333 0.096667 1.000000
-0.473333 0.110000 1.000000
-0.473333 0.123333 1.000000
-0.473333 0.136667 1.000000
-0.473333 0.150000 1.000000
-0.460000 -0.250000 1.000000
-0.460000 -0.236667 1.000000
-0.460000 -0.223333 1.000000
-0.460000 -0.210000 1.000000
-0.460000 -0.196667 1.000000
-0.460000 -0.183333 1.000000
-0.460000 -0.170000 1.000000
-0.460000 -0.156667 1.000000
-0.460000 -0.143333 1.000000
-0.460000 -0.130000 1.000000
-0.460000 -0.116667 1.000000
-0.460000 -0.103333 1.000000
-0.460000 -0.090000 1.000000
-0.460000 -0.076667 1.000000
-0.460000 -0.063333 1.000000
-0.460000 -0.050000 1.000000
-0.460000 -0.036667 1.000000
-0.460000 -0.023333 1.000000
-0.460000 -0.010000 1.000000
-0.460000 0.003333 1.000000
-0.460000 0.016667 1.000000
-0.460000 0.030000 1.000000
-0.460000 0.043333 1.000000
-0.460000 0.056667 1.000000
-0.460000 0.070000 1.000000
-0.460000 0.083333 1.000000
-0.460000 0.096667 1.000000
-0.460000 0.110000 1.000000
-0.460000 0.123333 1.000000
-0.460000 0.136667 1.000000
-0.460000 0.150000 1.000000
-0.446667 -0.250000 1.000000
-0.446667 -0.236667 1.000000
-0.446667 -0.223333 1.000000
-0.446667 -0.210000 1.000000
-0.446667 -0.196667 1.000000
-0.446667 -0.183333 1.000000
-0.446667 -0.170000 1.000000
-0.446667 -0.156667 1.000000
-0.446667 -0.143333 1.000000
-0.446667 -0.130000 1.000000
-0.446667 -0.116667 1.000000
-0.446667 -0.103333 1.000000
-0.446667 -0.090000 1.000000
-0.446667 -0.076667 1.000000
-0.446667 -0.063333 1.000000
-0.446667 -0.050000 1.000000
-0.446667 -0.036667 1.000000
-0.446667 -0.023333 1.000000
-0.446667 -0.010000 1.000000
-0.446667 0.003333 1.000000
-0.446667 0.016667 1.000000
-0.446667 0.030000 1.000000
-0.446667 0.043333 1.000000
-0.446667 0.056667 1.000000
-0.446667 0.070000 1.000000
-0.446667 0.083333 1.000000
-0.446667 0.096667 1.000000
-0.446667 0.110000 1.000000
-0.446667 0.123333 1.000000
-0.446667 0.136667 1.000000
-0.446667 0.150000 1.000000
-0.433333 -0.250000 1.000000
-0.433333 -0.236667 1.000000
-0.433333 -0.223333 1.000000
-0.433333 -0.210000 1.000000
-0.433333 -0.196667 1.000000
-0.433333 -0.183333 1.000000
-0.433333 -0.170000 1.000000
-0.433333 -0.156667 1.000000
-0.433333 -0.143333 1.000000
-0.433333 -0.130000 1.000000
-0.433333 -0.116667 1.000000
-0.433333 -0.103333 1.000000
-0.433333 -0.090000 1.000000
-0.433333 -0.076667 1.000000
-0.433333 -0.063333 1.000000
-0.433333 -0.050000 1.000000
-0.433333 -0.036667 1.000000
-0.433333 -0.023333 1.000000
-0.433333 -0.010000 1.000000
-0.433333 0.003333 1.000000
-0.433333 0.016667 1.000000
-0.433333 0.030000 1.000000
-0.433333 0.043333 1.000000
-0.433333 0.056667 1.000000
-0.433333 0.070000 1.000000
-0.433333 0.083333 1.000000
-0.433333 0.096667 1.000000
-0.433333 0.110000 1.000000
-0.433333 0.123333 1.000000
-0.433333 0.136667 1.000000
-0.433333 0.150000 1.000000
-0.420000 -0.250000 1.000000
-0.420000 -0.236667 1.000000
-0.420000 -0.223333 1.000000
-0.420000 -0.210000 1.000000
-0.420000 -0.196667 1.000000
-0.420000 -0.183333 1.000000
-0.420000 -0.170000 1.000000
-0.420000 -0.156667 1.000000
-0.420000 -0.143333 1.000000
-0.420000 -0.130000 1.000000
-0.420000 -0.116667 1.000000
-0.420000 -0.103333 1.000000
-0.420000 -0.090000 1.000000
-0.420000 -0.076667 1.000000
-0.420000 -0.063333 1.000000
-0.420000 -0.050000 1.000000
-0.420000 -0.036667 1.000000
-0.420000 -0.023333 1.000000
-0.420000 -0.010000 1.000000
-0.420000 0.003333 1.000000
-0.420000 0.016667 1.000000
-0.420000 0.030000 1.000000
-0.420000 0.043333 1.000000
-0.420000 0.056667 1.000000
-0.420000 0.070000 1.000000
-0.420000 0.083333 1.000000
-0.420000 0.096667 1.000000
-0.420000 0.110000 1.000000
-0.420000 0.123333 1.000000
-0.420000 0.136667 1.000000
-0.420000 0.150000 1.000000
-0.406667 -0.250000 1.000000
-0.406667 -0.236667 1.000000
-0.406667 -0.223333 1.000000
-0.406667 -0.210000 1.000000
-0.406667 -0.196667 1.000000
-0.406667 -0.183333 1.000000
-0.406667 -0.170000 1.000000
-0.406667 -0.156667 1.000000
-0.406667 -0.143333 1.000000
-0.406667 -0.130000 1.000000
-0.406667 -0.116667 1.000000
-0.406667 -0.103333 1.000000
-0.406667 -0.090000 1.000000
-0.406667 -0.076667 1.000000
-0.406667 -0.063333 1.000000
-0.406667 -0.050000 1.000000
-0.406667 -0.036667 1.000000
-0.406667 -0.023333 1.000000
-0.406667 -0.010000 1.000000
-0.406667 0.003333 1.000000
-0.406667 0.016667 1.000000
-0.406667 0.030000 1.000000
-0.406667 0.043333 1.000000
-0.406667 0.056667 1.000000
-0.406667 0.070000 1.000000
-0.406667 0.083333 1.000000
-0.406667 0.096667 1.000000
-0.406667 0.110000 1.000000
-0.406667 0.123333 1.000000
-0.406667 0.136667 1.000000
-0.406667 0.150000 1.000000
-0.393333 -0.250000 1.000000
-0.393333 -0.236667 1.000000
-0.393333 -0.223333 1.000000
-0.393333 -0.210000 1.000000
-0.393333 -0.196667 1.000000
-0.393333 -0.183333 1.000000
-0.393333 -0.170000 1.000000
-0.393333 -0.156667 1.000000
-0.393333 -0.143333 1.000000
-0.393333 -0.130000 1.000000
-0.393333 -0.116667 1.000000
-0.393333 -0.103333 1.000000
-0.393333 -0.090000 1.000000
-0.393333 -0.076667 1.000000
-0.393333 -0.063333 1.000000
-0.393333 -0.050000 1.000000
-0.393333 -0.036667 1.000000
-0.393333 -0.023333 1.000000
-0.393333 -0.010000 1.000000
-0.393333 0.003333 1.000000
-0.393333 0.016667 1.000000
-0.393333 0.030000 1.000000
-0.393333 0.043333 1.000000
-0.393333 0.056667 1.000000
-0.393333 0.070000 1.000000
-0.393333 0.083333 1.000000
-0.393333 0.096667 1.000000
-0.393333 0.110000 1.000000
-0.393333 0.123333 1.000000
-0.393333 0.136667 1.000000
-0.393333 0.150000 1.000000
-0.380000 -0.250000 1.000000
-0.380000 -0.236667 1.000000
-0.380000 -0.223333 1.000000
-0.380000 -0.210000 1.000000
-0.380000 -0.196667 1.000000
-0.380000 -0.183333 1.000000
-0.380000 -0.170000 1.000000
-0.380000 -0.156667 1.000000
-0.380000 -0.143333 1.000000
-0.380000 -0.130000 1.000000
-0.380000 -0.116667 1.000000
-0.380000 -0.103333 1.000000
-0.380000 -0.090000 1.000000
-0.380000 -0.076667 1.000000
-0.380000 -0.063333 1.000000
-0.380000 -0.050000 1.000000
-0.380000 -0.036667 1.000000
-0.380000 -0.023333 1.000000
-0.380000 -0.010000 1.000000
-0.380000 0.003333 1.000000
-0.380000 0.016667 1.000000
-0.380000 0.030000 1.000000
-0.380000 0.043333 1.000000
-0.380000 0.056667 1.000000
-0.380000 0.070000 1.000000
-0.380000 0.083333 1.000000
-0.380000 0.096667 1.000000
-0.380000 0.110000 1.000000
-0.380000 0.123333 1.000000
-0.380000 0.136667 1.000000
-0.380000 0.150000 1.000000
-0.366667 -0.250000 1.000000
-0.366667 -0.236667 1.000000
-0.366667 -0.223333 1.000000
-0.366667 -0.210000 1.000000
-0.366667 -0.196667 1.000000
-0.366667 -0.183333 1.000000
-0.366667 -0.170000 1.000000
-0.366667 -0.156667 1.000000
-0.366667 -0.143333 1.000000
-0.366667 -0.130000 1.000000
-0.366667 -0.116667 1.000000
-0.366667 -0.103333 1.000000
-0.366667 -0.090000 1.000000
-0.366667 -0.076667 1.000000
-0.366667 -0.063333 1.000000
-0.366667 -0.050000 1.000000
-0.366667 -0.036667 1.000000
-0.366667 -0.023333 1.000000
-0.366667 -0.010000 1.000000
-0.366667 0.003333 1.000000
-0.366667 0.016667 1.000000
-0.366667 0.030000 1.000000
-0.366667 0.043333 1.000000
-0.366667 0.056667 1.000000
-0.366667 0.070000 1.000000
-0.366667 0.083333 1.000000
-0.366667 0.096667 1.000000
-0.366667 0.110000 1.000000
-0.366667 0.123333 1.000000
-0.366667 0.136667 1.000000
-0.366667 0.150000 1.000000
-0.353333 -0.250000 1.000000
-0.353333 -0.236667 1.000000
-0.353333 -0.223333 1.000000
-0.353333 -0.210000 1.000000
-0.353333 -0.196667 1.000000
-0.353333 -0.183333 1.000000
-0.353333 -0.170000 1.000000
-0.353333 -0.156667 1.000000
-0.353333 -0.143333 1.000000
-0.353333 -0.130000 1.000000
-0.353333 -0.116667 1.000000
-0.353333 -0.103333 1.000000
-0.353333 -0.090000 1.000000
-0.353333 -0.076667 1.000000
-0.353333 -0.063333 1.000000
-0.353333 -0.050000 1.000000
-0.353333 -0.036667 1.000000
-0.353333 -0.023333 1.000000
-0.353333 -0.010000 1.000000
-0.353333 0.003333 1.000000
-0.353333 0.016667 1.000000
-0.353333 0.030000 1.000000
-0.353333 0.043333 1.000000
-0.353333 0.056667 1.000000
-0.353333 0.070000 1.000000
-0.353333 0.083333 1.000000
-0.353333 0.096667 1.000000
-0.353333 0.110000 1.000000
-0.353333 0.123333 1.000000
-0.353333 0.136667 1.000000
-0.353333 0.150000 1.000000
-0.340000 -0.250000 1.000000
-0.340000 -0.236667 1.000000
-0.340000 -0.223333 1.000000
-0.340000 -0.210000 1.000000
-0.340000 -0.196667 1.000000
-0.340000 -0.183333 1.000000
-0.340000 -0.170000 1.000000
-0.340000 -0.156667 1.000000
-0.340000 -0.143333 1.000000
-0.340000 -0.130000 1.000000
-0.340000 -0.116667 1.000000
-0.340000 -0.103333 1.000000
-0.340000 -0.090000 1.000000
-0.340000 -0.076667 1.000000
-0.340000 -0.063333 1.000000
-0.340000 -0.050000 1.000000
-0.340000 -0.036667 1.000000
-0.340000 -0.023333 1.000000
-0.340000 -0.010000 1.000000
-0.340000 0.003333 1.000000
-0.340000 0.016667 1.000000
-0.340000 0.030000 1.000000
-0.340000 0.043333 1.000000
-0.340000 0.056667 1.000000
-0.340000 0.070000 1.000000
-0.340000 0.083333 1.000000
-0.340000 0.096667 1.000000
-0.340000 0.110000 1.000000
-0.340000 0.123333 1.000000
-0.340000 0.136667 1.000000
-0.340000 0.150000 1.000000
-0.326667 -0.250000 1.000000
-0.326667 -0.236667 1.000000
-0.326667 -0.223333 1.000000
-0.326667 -0.210000 1.000000
-0.326667 -0.196667 1.000000
-0.326667 -0.183333 1.000000
-0.326667 -0.170000 1.000000
-0.326667 -0.156667 1.000000
-0.326667 -0.143333 1.000000
-0.326667 -0.130000 1.000000
-0.326667 -0.116667 1.000000
-0.326667 -0.103333 1.000000
-0.326667 -0.090000 1.000000
-0.326667 -0.076667 1.000000
-0.326667 -0.063333 1.000000
-0.326667 -0.050000 1.000000
-0.326667 -0.036667 1.000000
-0.326667 -0.023333 1.000000
-0.326667 -0.010000 1.000000
-0.326667 0.003333 1.000000
-0.326667 0.016667 1.000000
-0.326667 0.030000 1.000000
-0.326667 0.043333 1.000000
-0.326667 0.056667 1.000000
-0.326667 0.070000 1.000000
-0.326667 0.083333 1.000000
-0.326667 0.096667 1.000000
-0.326667 0.110000 1.000000
-0.326667 0.123333 1.000000
-0.326667 0.136667 1.000000
-0.326667 0.150000 1.000000
-0.313333 -0.250000 1.000000
-0.313333 -0.236667 1.000000
-0.313333 -0.223333 1.000000
-0.313333 -0.210000 1.000000
-0.313333 -0.196667 1.000000
-0.313333 -0.183333 1.000000
-0.313333 -0.170000 1.000000
-0.313333 -0.156667 1.000000
-0.313333 -0.143333 1.000000
-0.313333 -0.130000 1.000000
-0.313333 -0.116667 1.000000
-0.313333 -0.103333 1.000000
-0.313333 -0.090000 1.000000
-0.313333 -0.076667 1.000000
-0.313333 -0.063333 1.000000
-0.313333 -0.050000 1.000000
-0.313333 -0.036667 1.000000
-0.313333 -0.023333 1.000000
-0.313333 -0.010000 1.000000
-0.313333 0.003333 1.000000
-0.313333 0.016667 1.000000
-0.313333 0.030000 1.000000
-0.313333 0.043333 1.000000
-0.313333 0.056667 1.000000
-0.313333 0.070000 1.000000
-0.313333 0.083333 1.000000
-0.313333 0.096667 1.000000
-0.313333 0.110000 1.000000
-0.313333 0.123333 1.000000
-0.313333 0.136667 1.000000
-0.313333 0.150000 1.000000
-0.300000 -0.250000 1.000000
-0.300000 -0.236667 1.000000
-0.300000 -0.223333 1.000000
-0.300000 -0.210000 1.000000
-0.300000 -0.196667 1.000000
-0.300000 -0.183333 1.000000
-0.300000 -0.170000 1.000000
-0.300000 -0.156667 1.000000
-0.300000 -0.143333 1.000000
-0.300000 -0.130000 1.000000
-0.300000 -0.116667 1.000000
-0.300000 -0.103333 1.000000
-0.300000 -0.090000 1.000000
-0.300000 -0.076667 1.000000
-0.300000 -0.063333 1.000000
-0.300000 -0.050000 1.000000
-0.300000 -0.036667 1.000000
-0.300000 -0.023333 1.000000
-0.300000 -0.010000 1.000000
-0.300000 0.003333 1.000000
-0.300000 0.016667 1.000000
-0.300000 0.030000 1.000000
-0.300000 0.043333 1.000000
-0.300000 0.056667 1.000000
-0.300000 0.070000 1.000000
-0.300000 0.083333 1.000000
-0.300000 0.096667 1.000000
-0.300000 0.110000 1.000000
-0.300000 0.123333 1.000000
-0.300000 0.136667 1.000000
-0.300000 0.150000 1.000000
-0.286667 -0.250000 1.000000
-0.286667 -0.236667 1.000000
-0.286667 -0.223333 1.000000
-0.286667 -0.210000 1.000000
-0.286667 -0.196667 1.000000
-0.286667 -0.183333 1.000000
-0.286667 -0.170000 1.000000
-0.286667 -0.156667 1.000000
-0.286667 -0.143333 1.000000
-0.286667 -0.130000 1.000000
-0.286667 -0.116667 1.000000
-0.286667 -0.103333 1.000000
-0.286667 -0.090000 1.000000
-0.286667 -0.076667 1.000000
-0.286667 -0.063333 1.000000
-0.286667 -0.050000 1.000000
-0.286667 -0.036667 1.000000
-0.286667 -0.023333 1.000000
-0.286667 -0.010000 1.000000
-0.286667 0.003333 1.000000
-0.286667 0.016667 1.000000
-0.286667 0.030000 1.000000
-0.286667 0.043333 1.000000
-0.286667 0.056667 1.000000
-0.286667 0.070000 1.000000
-0.286667 0.083333 1.000000
-0.286667 0.096667 1.000000
-0.286667 0.110000 1.000000
-0.286667 0.123333 1.000000
-0.286667 0.136667 1.000000
-0.286667 0.150000 1.000000
-0.273333 -0.250000 1.000000
-0.273333 -0.236667 1.000000
-0.273333 -0.223333 1.000000
-0.273333 -0.210000 1.000000
-0.273333 -0.196667 1.000000
-0.273333 -0.183333 1.000000
-0.273333 -0.170000 1.000000
-0.273333 -0.156667 1.000000
-0.273333 -0.143333 1.000000
-0.273333 -0.130000 1.000000
-0.273333 -0.116667 1.000000
-0.273333 -0.103333 1.000000
-0.273333 -0.090000 1.000000
-0.273333 -0.076667 1.000000
-0.273333 -0.063333 1.000000
-0.273333 -0.050000 1.000000
-0.273333 -0.036667 1.000000
-0.273333 -0.023333 1.000000
-0.273333 -0.010000 1.000000
-0.273333 0.003333 1.000000
-0.273333 0.016667 1.000000
-0.273333 0.030000 1.000000
-0.273333 0.043333 1.000000
-0.273333 0.056667 1.000000
-0.273333 0.070000 1.000000
-0.273333 0.083333 1.000000
-0.273333 0.096667 1.000000
-0.273333 0.110000 1.000000
-0.273333 0.123333 1.000000
-0.273333 0.136667 1.000000
-0.273333 0.150000 1.000000
-0.260000 -0.250000 1.000000
-0.260000 -0.236667 1.000000
-0.260000 -0.223333 1.000000
-0.260000 -0.210000 1.000000
-0.260000 -0.196667 1.000000
-0.260000 -0.183333 1.000000
-0.260000 -0.170000 1.000000
-0.260000 -0.156667 1.000000
-0.260000 -0.143333 1.000000
-0.260000 -0.130000 1.000000
-0.260000 -0.116667 1.000000
-0.260000 -0.103333 1.000000
-0.260000 -0.090000 1.000000
-0.260000 -0.076667 1.000000
-0.260000 -0.063333 1.000000
-0.260000 -0.050000 1.000000
-0.260000 -0.036667 1.000000
-0.260000 -0.023333 1.000000
-0.260000 -0.010000 1.000000
-0.260000 0.003333 1.000000
-0.260000 0.016667 1.000000
-0.260000 0.030000 1.000000
-0.260000 0.043333 1.000000
-0.260000 0.056667 1.000000
-0.260000 0.070000 1.000000
-0.260000 0.083333 1.000000
-0.260000 0.096667 1.000000
-0.260000 0.110000 1.000000
-0.260000 0.123333 1.000000
-0.260000 0.136667 1.000000
-0.260000 0.150000 1.000000
-0.246667 -0.250000 1.000000
-0.246667 -0.236667 1.000000
-0.246667 -0.223333 1.000000
-0.246667 -0.210000 1.000000
-0.246667 -0.196667 1.000000
-0.246667 -0.183333 1.000000
-0.246667 -0.170000 1.000000
-0.246667 -0.156667 1.000000
-0.246667 -0.143333 1.000000
-0.246667 -0.130000 1.000000
-0.246667 -0.116667 1.000000
-0.246667 -0.103333 1.000000
-0.246667 -0.090000 1.000000
-0.246667 -0.076667 1.000000
-0.246667 -0.063333 1.000000
-0.246667 -0.050000 1.000000
-0.246667 -0.036667 1.000000
-0.246667 -0.023333 1.000000
-0.246667 -0.010000 1.000000
-0.246667 0.003333 1.000000
-0.246667 0.016667 1.000000
-0.246667 0.030000 1.000000
-0.246667 0.043333 1.000000
-0.246667 0.056667 1.000000
-0.246667 0.070000 1.000000
-0.246667 0.083333 1.000000
-0.246667 0.096667 1.000000
-0.246667 0.110000 1.000000
-0.246667 0.123333 1.000000
-0.246667 0.136667 1.000000
-0.246667 0.150000 1.000000
-0.233333 -0.250000 1.000000
-0.233333 -0.236667 1.000000
-0.233333 -0.223333 1.000000
-0.233333 -0.210000 1.000000
-0.233333 -0.196667 1.000000
-0.233333 -0.183333 1.000000
-0.233333 -0.170000 1.000000
-0.233333 -0.156667 1.000000
-0.233333 -0.143333 1.000000
-0.233333 -0.130000 1.000000
-0.233333 -0.116667 1.000000
-0.233333 -0.103333 1.000000
-0.233333 -0.090000 1.000000
-0.233333 -0.076667 1.000000
-0.233333 -0.063333 1.000000
-0.233333 -0.050000 1.000000
-0.233333 -0.036667 1.000000
-0.233333 -0.023333 1.000000
-0.233333 -0.010000 1.000000
-0.233333 0.003333 1.000000
-0.233333 0.016667 1.000000
-0.233333 0.030000 1.000000
-0.233333 0.043333 1.000000
-0.233333 0.056667 1.000000
-0.233333 0.070000 1.000000
-0.233333 0.083333 1.000000
-0.233333 0.096667 1.000000
-0.233333 0.110000 1.000000
-0.233333 0.123333 1.000000
-0.233333 0.136667 1.000000
-0.233333 0.150000 1.000000
-0.220000 -0.250000 1.000000
-0.220000 -0.236667 1.000000
-0.220000 -0.223333 1.000000
-0.220000 -0.210000 1.000000
-0.220000 -0.196667 1.000000
-0.220000 -0.183333 1.000000
-0.220000 -0.170000 1.000000
-0.220000 -0.156667 1.000000
-0.220000 -0.143333 1.000000
-0.220000 -0.130000 1.000000
-0.220000 -0.116667 1.000000
-0.220000 -0.103333 1.000000
-0.220000 -0.090000 1.000000
-0.220000 -0.076667 1.000000
-0.220000 -0.063333 1.000000
-0.220000 -0.050000 1.000000
-0.220000 -0.036667 1.000000
-0.220000 -0.023333 1.000000
-0.220000 -0.010000 1.000000
-0.220000 0.003333 1.000000
-0.220000 0.016667 1.000000
-0.220000 0.030000 1.000000
-0.220000 0.043333 1.000000
-0.220000 0.056667 1.000000
-0.220000 0.070000 1.000000
-0.220000 0.083333 1.000000
-0.220000 0.096667 1.000000
-0.220000 0.110000 1.000000
-0.220000 0.123333 1.000000
-0.220000 0.136667 1.000000
-0.220000 0.150000 1.000000
-0.206667 -0.250000 1.000000
-0.206667 -0.236667 1.000000
-0.206667 -0.223333 1.000000
-0.206667 -0.210000 1.000000
-0.206667 -0.196667 1.000000
-0.206667 -0.183333 1.000000
-0.206667 -0.170000 1.000000
-0.206667 -0.156667 1.000000
-0.206667 -0.143333 1.000000
-0.206667 -0.130000 1.000000
-0.206667 -0.116667 1.000000
-0.206667 -0.103333 1.000000
-0.206667 -0.090000 1.000000
-0.206667 -0.076667 1.000000
-0.206667 -0.063333 1.000000
-0.206667 -0.050000 1.000000
-0.206667 -0.036667 1.000000
-0.206667 -0.023333 1.000000
-0.206667 -0.010000 1.000000
-0.206667 0.003333 1.000000
-0.206667 0.016667 1.000000
-0.206667 0.030000 1.000000
-0.206667 0.043333 1.000000
-0.206667 0.056667 1.000000
-0.206667 0.070000 1.000000
-0.206667 0.083333 1.000000
-0.206667 0.096667 1.000000
-0.206667 0.110000 1.000000
-0.206667 0.123333 1.000000
-0.206667 0.136667 1.000000
-0.206667 0.150000 1.000000
-0.193333 -0.250000 1.000000
-0.193333 -0.236667 1.000000
-0.193333 -0.223333 1.000000
-0.193333 -0.210000 1.000000
-0.193333 -0.196667 1.000000
-0.193333 -0.183333 1.000000
-0.193333 -0.170000 1.000000
-0.193333 -0.156667 1.000000
-0.193333 -0.143333 1.000000
-0.193333 -0.130000 1.000000
-0.193333 -0.116667 1.000000
-0.193333 -0.103333 1.000000
-0.193333 -0.090000 1.000000
-0.193333 -0.076667 1.000000
-0.193333 -0.063333 1.000000
-0.193333 -0.050000 1.000000
-0.193333 -0.036667 1.000000
-0.193333 -0.023333 1.000000
-0.193333 -0.010000 1.000000
-0.193333 0.003333 1.000000
-0.193333 0.016667 1.000000
-0.193333 0.030000 1.000000
-0.193333 0.043333 1.000000
-0.193333 0.056667 1.000000
-0.193333 0.070000 1.000000
-0.193333 0.083333 1.000000
-0.193333 0.096667 1.000000
-0.193333 0.110000 1.000000
-0.193333 0.123333 1.000000
-0.193333 0.136667 1.000000
-0.193333 0.150000 1.000000
-0.180000 -0.250000 1.000000
-0.180000 -0.236667 1.000000
-0.180000 -0.223333 1.000000
-0.180000 -0.210000 1.000000
-0.180000 -0.196667 1.000000
-0.180000 -0.183333 1.000000
-0.180000 -0.170000 1.000000
-0.180000 -0.156667 1.000000
-0.180000 -0.143333 1.000000
-0.180000 -0.130000 1.000000
-0.180000 -0.116667 1.000000
-0.180000 -0.103333 1.000000
-0.180000 -0.090000 1.000000
-0.180000 -0.076667 1.000000
-0.180000 -0.063333 1.000000
-0.180000 -0.050000 1.000000
-0.180000 -0.036667 1.000000
-0.180000 -0.023333 1.000000
-0.180000 -0.010000 1.000000
-0.180000 0.003333 1.000000
-0.180000 0.016667 1.000000
-0.180000 0.030000 1.000000
-0.180000 0.043333 1.000000
-0.180000 0.056667 1.000000
-0.180000 0.070000 1.000000
-0.180000 0.083333 1.000000
-0.180000 0.096667 1.000000
-0.180000 0.110000 1.000000
-0.180000 0.123333 1.000000
-0.180000 0.136667 1.000000
-0.180000 0.150000 1.000000
-0.166667 -0.250000 1.000000
-0.166667 -0.236667 1.000000
-0.166667 -0.223333 1.000000
-0.166667 -0.210000 1.000000
-0.166667 -0.196667 1.000000
-0.166667 -0.183333 1.000000
-0.166667 -0.170000 1.000000
-0.166667 -0.156667 1.000000
-0.166667 -0.143333 1.000000
-0.166667 -0.130000 1.000000
-0.166667 -0.116667 1.000000
-0.166667 -0.103333 1.000000
-0.166667 -0.090000 1.000000
-0.166667 -0.076667 1.000000
-0.166667 -0.063333 1.000000
-0.166667 -0.050000 1.000000
-0.166667 -0.036667 1.000000
-0.166667 -0.023333 1.000000
-0.166667 -0.010000 1.000000
-0.166667 0.003333 1.000000
-0.166667 0.016667 1.000000
-0.166667 0.030000 1.000000
-0.166667 0.043333 1.000000
-0.166667 0.056667 1.000000
-0.166667 0.070000 1.000000
-0.166667 0.083333 1.000000
-0.166667 0.096667 1.000000
-0.166667 0.110000 1.000000
-0.166667 0.123333 1.000000
-0.166667 0.136667 1.000000
-0.166667 0.150000 1.000000
-0.153333 -0.250000 1.000000
-0.153333 -0.236667 1.000000
-0.153333 -0.223333 1.000000
-0.153333 -0.210000 1.000000
-0.153333 -0.196667 1.000000
-0.153333 -0.183333 1.000000
-0.153333 -0.170000 1.000000
-0.153333 -0.156667 1.000000
-0.153333 -0.143333 1.000000
-0.153333 -0.130000 1.000000
-0.153333 -0.116667 1.000000
-0.153333 -0.103333 1.000000
-0.153333 -0.090000 1.000000
-0.153333 -0.076667 1.000000
-0.153333 -0.063333 1.000000
-0.153333 -0.050000 1.000000
-0.153333 -0.036667 1.000000
-0.153333 -0.023333 1.000000
-0.153333 -0.010000 1.000000
-0.153333 0.003333 1.000000
-0.153333 0.016667 1.000000
-0.153333 0.030000 1.000000
-0.153333 0.043333 1.000000
-0.153333 0.056667 1.000000
-0.153333 0.070000 1.000000
-0.153333 0.083333 1.000000
-0.153333 0.096667 1.000000
-0.153333 0.110000 1.000000
-0.153333 0.123333 1.000000
-0.153333 0.136667 1.000000
-0.153333 0.150000 1.000000
-0.140000 -0.250000 1.000000
-0.140000 -0.236667 1.000000
-0.140000 -0.223333 1.000000
-0.140000 -0.210000 1.000000
-0.140000 -0.196667 1.000000
-0.140000 -0.183333 1.000000
-0.140000 -0.170000 1.000000
-0.140000 -0.156667 1.000000
-0.140000 -0.143333 1.000000
-0.140000 -0.130000 1.000000
-0.140000 -0.116667 1.000000
-0.140000 -0.103333 1.000000
-0.140000 -0.090000 1.000000
-0.140000 -0.076667 1.000000
-0.140000 -0.063333 1.000000
-0.140000 -0.050000 1.000000
-0.140000 -0.036667 1.000000
-0.140000 -0.023333 1.000000
-0.140000 -0.010000 1.000000
-0.140000 0.003333 1.000000
-0.140000 0.016667 1.000000
-0.140000 0.030000 1.000000
-0.140000 0.043333 1.000000
-0.140000 0.056667 1.000000
-0.140000 0.070000 1.000000
-0.140000 0.083333 1.000000
-0.140000 0.096667 1.000000
-0.140000 0.110000 1.000000
-0.140000 0.123333 1.000000
-0.140000 0.136667 1.000000
-0.140000 0.150000 1.000000
-0.126667 -0.250000 1.000000
-0.126667 -0.236667 1.000000
-0.126667 -0.223333 1.000000
-0.126667 -0.210000 1.000000
-0.126667 -0.196667 1.000000
-0.126667 -0.183333 1.000000
-0.126667 -0.170000 1.000000
-0.126667 -0.156667 1.000000
-0.126667 -0.143333 1.000000
-0.126667 -0.130000 1.000000
-0.126667 -0.116667 1.000000
-0.126667 -0.103333 1.000000
-0.126667 -0.090000 1.000000
-0.126667 -0.076667 1.000000
-0.126667 -0.063333 1.000000
-0.126667 -0.050000 1.000000
-0.126667 -0.036667 1.000000
-0.126667 -0.023333 1.000000
-0.126667 -0.010000 1.000000
-0.126667 0.003333 1.000000
-0.126667 0.016667 1.000000
-0.126667 0.030000 1.000000
-0.126667 0.043333 1.000000
-0.126667 0.056667 1.000000
-0.126667 0.070000 1.000000
-0.126667 0.083333 1.000000
-0.126667 0.096667 1.000000
-0.126667 0.110000 1.000000
-0.126667 0.123333 1.000000
-0.126667 0.136667 1.000000
-0.126667 0.150000 1.000000
-0.113333 -0.250000 1.000000
-0.113333 -0.236667 1.000000
-0.113333 -0.223333 1.000000
-0.113333 -0.210000 1.000000
-0.113333 -0.196667 1.000000
-0.113333 -0.183333 1.000000
-0.113333 -0.170000 1.000000
-0.113333 -0.156667 1.000000
-0.113333 -0.143333 1.000000
-0.113333 -0.130000 1.000000
-0.113333 -0.116667 1.000000
-0.113333 -0.103333 1.000000
-0.113333 -0.090000 1.000000
-0.113333 -0.076667 1.000000
-0.113333 -0.063333 1.000000
-0.113333 -0.050000 1.000000
-0.113333 -0.036667 1.000000
-0.113333 -0.023333 1.000000
-0.113333 -0.010000 1.000000
-0.113333 0.003333 1.000000
-0.113333 0.016667 1.000000
-0.113333 0.030000 1.000000
-0.113333 0.043333 1.000000
-0.113333 0.056667 1.000000
-0.113333 0.070000 1.000000
-0.113333 0.083333 1.000000
-0.113333 0.096667 1.000000
-0.113333 0.110000 1.000000
-0.113333 0.123333 1.000000
-0.113333 0.136667 1.000000
-0.113333 0.150000 1.000000
-0.100000 -0.250000 1.000000
-0.100000 -0.236667 1.000000
-0.100000 -0.223333 1.000000
-0.100000 -0.210000 1.000000
-0.100000 -0.196667 1.000000
-0.100000 -0.183333 1.000000
-0.100000 -0.170000 1.000000
-0.100000 -0.156667 1.000000
-0.100000 -0.143333 1.000000
-0.100000 -0.130000 1.000000
-0.100000 -0.116667 1.000000
-0.100000 -0.103333 1.000000
-0.100000 -0.090000 1.000000
-0.100000 -0.076667 1.000000
-0.100000 -0.063333 1.000000
-0.100000 -0.050000 1.000000
-0.100000 -0.036667 1.000000
-0.100000 -0.023333 1.000000
-0.100000 -0.010000 1.000000
-0.100000 0.003333 1.000000
-0.100000 0.016667 1.000000
-0.100000 0.030000 1.000000
-0.100000 0.043333 1.000000
-0.100000 0.056667 1.000000
-0.100000 0.070000 1.000000
-0.100000 0.083333 1.000000
-0.100000 0.096667 1.000000
-0.100000 0.110000 1.000000
-0.100000 0.123333 1.000000
-0.100000 0.136667 1.000000
-0.100000 0.150000 1.000000
