-0.500000 -0.250000 0.000000
-0.500000 -0.236667 0.000000
-0.500000 -0.223333 0.000000
-0.500000 -0.210000 0.000000
-0.500000 -0.196667 0.000000
-0.500000 -0.183333 0.003905
-0.500000 -0.170000 0.043157
-0.500000 -0.156667 0.000000
-0.500000 -0.143333 0.000000
-0.500000 -0.130000 0.000000
-0.500000 -0.116667 0.000000
-0.500000 -0.103333 0.000000
-0.500000 -0.090000 0.000000
-0.500000 -0.076667 0.000000
-0.500000 -0.063333 0.000000
-0.500000 -0.050000 0.000000
-0.500000 -0.036667 0.000000
-0.500000 -0.023333 0.000000
-0.500000 -0.010000 0.000000
-0.500000 0.003333 0.000000
-0.500000 0.016667 0.000000
-0.500000 0.030000 0.000000
-0.500000 0.043333 0.000000
-0.500000 0.056667 0.000000
-0.500000 0.070000 0.000000
-0.500000 0.083333 0.000000
-0.500000 0.096667 0.000000
-0.500000 0.110000 0.000000
-0.500000 0.123333 0.000000
-0.500000 0.136667 0.000000
-0.500000 0.150000 0.000000
-0.486667 -0.250000 0.000000
-0.486667 -0.236667 0.006880
-0.486667 -0.223333 0.000000
-0.486667 -0.210000 0.000000
-0.486667 -0.196667 0.000000
-0.486667 -0.183333 0.000000
-0.486667 -0.170000 0.000000
-0.486667 -0.156667 0.000000
-0.486667 -0.143333 0.011413
-0.486667 -0.130000 0.000000
-0.486667 -0.116667 0.000000
-0.486667 -0.103333 0.000000
-0.486667 -0.090000 0.000000
-0.486667 -0.076667 0.000000
-0.486667 -0.063333 0.000000
-0.486667 -0.050000 0.000000
-0.486667 -0.036667 0.000000
-0.486667 -0.023333 0.000000
-0.486667 -0.010000 0.000000
-0.486667 0.003333 0.000000
-0.486667 0.016667 0.000000
-0.486667 0.030000 0.000000
-0.486667 0.043333 0.000000
-0.486667 0.056667 0.000000
-0.486667 0.070000 0.000000
-0.486667 0.083333 0.000000
-0.486667 0.096667 0.000000
-0.486667 0.110000 0.000000
-0.486667 0.123333 0.000000
-0.486667 0.136667 0.000000
-0.486667 0.150000 0.000000
-0.473333 -0.250000 0.000000
-0.473333 -0.236667 0.000000
-0.473333 -0.223333 0.000000
-0.473333 -0.210000 0.000000
-0.473333 -0.196667 0.000000
-0.473333 -0.183333 0.000000
-0.473333 -0.170000 0.000000
-0.473333 -0.156667 0.000000
-0.473333 -0.143333 0.000000
-0.473333 -0.130000 0.000000
-0.473333 -0.116667 0.000000
-0.473333 -0.103333 0.000000
-0.473333 -0.090000 0.000000
-0.473333 -0.076667 0.000000
-0.473333 -0.063333 0.000000
-0.473333 -0.050000 0.000000
-0.473333 -0.036667 0.000000
-0.473333 -0.023333 0.000000
-0.473333 -0.010000 0.000000
-0.473333 0.003333 0.000000
-0.473333 0.016667 0.000000
-0.473333 0.030000 0.000000
-0.473333 0.043333 0.000000
-0.473333 0.056667 0.000000
-0.473333 0.070000 0.000000
-0.473333 0.083333 0.000000
-0.473333 0.096667 0.000000
-0.473333 0.110000 0.000000
-0.473333 0.123333 0.000000
-0.473333 0.136667 0.000000
-0.473333 0.150000 0.000000
-0.460000 -0.250000 0.000000
-0.460000 -0.236667 0.000000
-0.460000 -0.223333 0.000000
-0.460000 -0.210000 0.000000
-0.460000 -0.196667 0.000000
-0.460000 -0.183333 0.000000
-0.460000 -0.170000 0.000000
-0.460000 -0.156667 0.000000
-0.460000 -0.143333 0.000000
-0.460000 -0.130000 0.000000
-0.460000 -0.116667 0.000000
-0.460000 -0.103333 0.000000
-0.460000 -0.090000 0.000000
-0.460000 -0.076667 0.000000
-0.460000 -0.063333 0.000000
-0.460000 -0.050000 0.000000
-0.460000 -0.036667 0.000000
-0.460000 -0.023333 0.000000
-0.460000 -0.010000 0.000000
-0.460000 0.003333 0.000000
-0.460000 0.016667 0.000000
-0.460000 0.030000 0.000000
-0.460000 0.043333 0.000000
-0.460000 0.056667 0.000000
-0.460000 0.070000 0.000000
-0.460000 0.083333 0.000000
-0.460000 0.096667 0.000000
-0.460000 0.110000 0.000000
-0.460000 0.123333 0.000000
-0.460000 0.136667 0.007284
-0.460000 0.150000 0.000000
-0.446667 -0.250000 0.000000
-0.446667 -0.236667 0.000000
-0.446667 -0.223333 0.000000
-0.446667 -0.210000 0.000000
-0.446667 -0.196667 0.000000
-0.446667 -0.183333 0.000000
-0.446667 -0.170000 0.000000
-0.446667 -0.156667 0.000000
-0.446667 -0.143333 0.000000
-0.446667 -0.130000 0.000000
-0.446667 -0.116667 0.000000
-0.446667 -0.103333 0.000000
-0.446667 -0.090000 0.000000
-0.446667 -0.076667 0.000000
-0.446667 -0.063333 0.000000
-0.446667 -0.050000 0.000000
-0.446667 -0.036667 0.520067
-0.446667 -0.023333 0.000000
-0.446667 -0.010000 0.000000
-0.446667 0.003333 0.000000
-0.446667 0.016667 0.000000
-0.446667 0.030000 0.000000
-0.446667 0.043333 0.000000
-0.446667 0.056667 0.000000
-0.446667 0.070000 0.000000
-0.446667 0.083333 0.000000
-0.446667 0.096667 0.000000
-0.446667 0.110000 0.000000
-0.446667 0.123333 0.000000
-0.446667 0.136667 0.000000
-0.446667 0.150000 0.000000
-0.433333 -0.250000 0.000000
-0.433333 -0.236667 0.000000
-0.433333 -0.223333 0.000000
-0.433333 -0.210000 0.000000
-0.433333 -0.196667 0.000000
-0.433333 -0.183333 0.000000
-0.433333 -0.170000 0.000000
-0.433333 -0.156667 0.000000
-0.433333 -0.143333 0.000000
-0.433333 -0.130000 0.000000
-0.433333 -0.116667 0.000000
-0.433333 -0.103333 0.000000
-0.433333 -0.090000 0.000000
-0.433333 -0.076667 0.000000
-0.433333 -0.063333 0.000000
-0.433333 -0.050000 0.000000
-0.433333 -0.036667 0.000000
-0.433333 -0.023333 0.000000
-0.433333 -0.010000 0.000000
-0.433333 0.003333 0.000000
-0.433333 0.016667 0.000000
-0.433333 0.030000 0.000000
-0.433333 0.043333 0.000000
-0.433333 0.056667 0.000000
-0.433333 0.070000 0.000000
-0.433333 0.083333 0.000000
-0.433333 0.096667 0.047814
-0.433333 0.110000 0.000000
-0.433333 0.123333 0.000000
-0.433333 0.136667 0.000000
-0.433333 0.150000 0.000000
-0.420000 -0.250000 0.000000
-0.420000 -0.236667 0.000000
-0.420000 -0.223333 0.000000
-0.420000 -0.210000 0.000000
-0.420000 -0.196667 0.000000
-0.420000 -0.183333 0.000000
-0.420000 -0.170000 0.000000
-0.420000 -0.156667 0.000000
-0.420000 -0.143333 0.000000
-0.420000 -0.130000 0.000000
-0.420000 -0.116667 0.000000
-0.420000 -0.103333 0.000000
-0.420000 -0.090000 0.000000
-0.420000 -0.076667 0.000000
-0.420000 -0.063333 0.000000
-0.420000 -0.050000 0.000000
-0.420000 -0.036667 0.000000
-0.420000 -0.023333 0.000000
-0.420000 -0.010000 0.000000
-0.420000 0.003333 0.000000
-0.420000 0.016667 0.000000
-0.420000 0.030000 0.000000
-0.420000 0.043333 0.000000
-0.420000 0.056667 0.000000
-0.420000 0.070000 0.000000
-0.420000 0.083333 0.000000
-0.420000 0.096667 0.000000
-0.420000 0.110000 0.000000
-0.420000 0.123333 0.035419
-0.420000 0.136667 0.000000
-0.420000 0.150000 0.000000
-0.406667 -0.250000 0.000000
-0.406667 -0.236667 0.000000
-0.406667 -0.223333 0.000000
-0.406667 -0.210000 0.000000
-0.406667 -0.196667 0.000000
-0.406667 -0.183333 0.000000
-0.406667 -0.170000 0.000000
-0.406667 -0.156667 0.000000
-0.406667 -0.143333 0.000000
-0.406667 -0.130000 0.000000
-0.406667 -0.116667 0.000000
-0.406667 -0.103333 0.000000
-0.406667 -0.090000 0.000000
-0.406667 -0.076667 0.000000
-0.406667 -0.063333 0.000000
-0.406667 -0.050000 0.000000
-0.406667 -0.036667 0.000000
-0.406667 -0.023333 0.000000
-0.406667 -0.010000 0.000000
-0.406667 0.003333 0.000000
-0.406667 0.016667 0.000000
-0.406667 0.030000 0.000000
-0.406667 0.043333 0.000000
-0.406667 0.056667 0.000000
-0.406667 0.070000 0.000000
-0.406667 0.083333 0.000000
-0.406667 0.096667 0.000000
-0.406667 0.110000 0.000000
-0.406667 0.123333 0.000000
-0.406667 0.136667 0.000000
-0.406667 0.150000 0.000000
-0.393333 -0.250000 0.000000
-0.393333 -0.236667 0.000000
-0.393333 -0.223333 0.000000
-0.393333 -0.210000 0.000000
-0.393333 -0.196667 0.000000
-0.393333 -0.183333 0.000000
-0.393333 -0.170000 0.000000
-0.393333 -0.156667 0.000000
-0.393333 -0.143333 0.000000
-0.393333 -0.130000 0.000000
-0.393333 -0.116667 0.000000
-0.393333 -0.103333 0.000000
-0.393333 -0.090000 0.000000
-0.393333 -0.076667 0.000000
-0.393333 -0.063333 0.000000
-0.393333 -0.050000 0.000000
-0.393333 -0.036667 0.000000
-0.393333 -0.023333 0.000000
-0.393333 -0.010000 0.000000
-0.393333 0.003333 0.366316
-0.393333 0.016667 0.000000
-0.393333 0.030000 0.000000
-0.393333 0.043333 0.000000
-0.393333 0.056667 0.000000
-0.393333 0.070000 0.000000
-0.393333 0.083333 0.000000
-0.393333 0.096667 0.000000
-0.393333 0.110000 0.000000
-0.393333 0.123333 0.000000
-0.393333 0.136667 0.000000
-0.393333 0.150000 0.000000
-0.380000 -0.250000 0.000000
-0.380000 -0.236667 0.000000
-0.380000 -0.223333 0.000000
-0.380000 -0.210000 0.000000
-0.380000 -0.196667 0.000000
-0.380000 -0.183333 0.000000
-0.380000 -0.170000 0.000000
-0.380000 -0.156667 0.000000
-0.380000 -0.143333 0.000000
-0.380000 -0.130000 0.000000
-0.380000 -0.116667 0.000000
-0.380000 -0.103333 0.000000
-0.380000 -0.090000 0.000000
-0.380000 -0.076667 0.000000
-0.380000 -0.063333 0.000000
-0.380000 -0.050000 0.000000
-0.380000 -0.036667 0.000000
-0.380000 -0.023333 0.000000
-0.380000 -0.010000 0.000000
-0.380000 0.003333 0.000000
-0.380000 0.016667 0.000000
-0.380000 0.030000 0.000000
-0.380000 0.043333 0.000000
-0.380000 0.056667 0.000000
-0.380000 0.070000 0.000000
-0.380000 0.083333 0.000000
-0.380000 0.096667 0.000000
-0.380000 0.110000 0.000000
-0.380000 0.123333 0.000000
-0.380000 0.136667 0.000000
-0.380000 0.150000 0.000000
-0.366667 -0.250000 0.000000
-0.366667 -0.236667 0.000000
-0.366667 -0.223333 0.000000
-0.366667 -0.210000 0.000000
-0.366667 -0.196667 0.000000
-0.366667 -0.183333 0.000000
-0.366667 -0.170000 0.000000
-0.366667 -0.156667 0.000000
-0.366667 -0.143333 0.000000
-0.366667 -0.130000 0.000000
-0.366667 -0.116667 0.000000
-0.366667 -0.103333 0.000000
-0.366667 -0.090000 0.000000
-0.366667 -0.076667 0.000000
-0.366667 -0.063333 0.000000
-0.366667 -0.050000 0.000000
-0.366667 -0.036667 0.000000
-0.366667 -0.023333 0.000000
-0.366667 -0.010000 0.000000
-0.366667 0.003333 0.000000
-0.366667 0.016667 0.000000
-0.366667 0.030000 0.000000
-0.366667 0.043333 0.000000
-0.366667 0.056667 0.000000
-0.366667 0.070000 0.000000
-0.366667 0.083333 0.000000
-0.366667 0.096667 0.000000
-0.366667 0.110000 0.000000
-0.366667 0.123333 0.000000
-0.366667 0.136667 0.000000
-0.366667 0.150000 0.000000
-0.353333 -0.250000 0.000000
-0.353333 -0.236667 0.000000
-0.353333 -0.223333 0.000000
-0.353333 -0.210000 0.000000
-0.353333 -0.196667 0.000000
-0.353333 -0.183333 0.000000
-0.353333 -0.170000 0.000000
-0.353333 -0.156667 0.000000
-0.353333 -0.143333 0.000000
-0.353333 -0.130000 0.000000
-0.353333 -0.116667 0.000000
-0.353333 -0.103333 0.000000
-0.353333 -0.090000 0.000000
-0.353333 -0.076667 0.000000
-0.353333 -0.063333 0.000000
-0.353333 -0.050000 0.000000
-0.353333 -0.036667 0.000000
-0.353333 -0.023333 0.000000
-0.353333 -0.010000 0.000000
-0.353333 0.003333 0.000000
-0.353333 0.016667 0.000000
-0.353333 0.030000 0.000000
-0.353333 0.043333 0.000000
-0.353333 0.056667 0.000000
-0.353333 0.070000 0.000000
-0.353333 0.083333 0.000000
-0.353333 0.096667 0.000000
-0.353333 0.110000 0.000000
-0.353333 0.123333 0.000000
-0.353333 0.136667 0.000000
-0.353333 0.150000 0.000000
-0.340000 -0.250000 0.000000
-0.340000 -0.236667 0.000000
-0.340000 -0.223333 0.000000
-0.340000 -0.210000 0.000000
-0.340000 -0.196667 0.000000
-0.340000 -0.183333 0.000000
-0.340000 -0.170000 0.000000
-0.340000 -0.156667 0.000000
-0.340000 -0.143333 0.000000
-0.340000 -0.130000 0.000000
-0.340000 -0.116667 0.000000
-0.340000 -0.103333 0.000000
-0.340000 -0.090000 0.000000
-0.340000 -0.076667 0.000000
-0.340000 -0.063333 0.000000
-0.340000 -0.050000 0.000000
-0.340000 -0.036667 0.000000
-0.340000 -0.023333 0.000000
-0.340000 -0.010000 0.000000
-0.340000 0.003333 0.000000
-0.340000 0.016667 0.000000
-0.340000 0.030000 0.000000
-0.340000 0.043333 0.000000
-0.340000 0.056667 0.000000
-0.340000 0.070000 0.000000
-0.340000 0.083333 0.000000
-0.340000 0.096667 0.000000
-0.340000 0.110000 0.000000
-0.340000 0.123333 0.490835
-0.340000 0.136667 0.000000
-0.340000 0.150000 0.000000
-0.326667 -0.250000 0.000000
-0.326667 -0.236667 0.000000
-0.326667 -0.223333 0.000000
-0.326667 -0.210000 0.000000
-0.326667 -0.196667 0.000000
-0.326667 -0.183333 0.000000
-0.326667 -0.170000 0.000000
-0.326667 -0.156667 0.000000
-0.326667 -0.143333 0.000000
-0.326667 -0.130000 0.000000
-0.326667 -0.116667 0.000000
-0.326667 -0.103333 0.000000
-0.326667 -0.090000 0.000000
-0.326667 -0.076667 0.000000
-0.326667 -0.063333 0.000000
-0.326667 -0.050000 0.000000
-0.326667 -0.036667 0.000000
-0.326667 -0.023333 0.000000
-0.326667 -0.010000 0.000000
-0.326667 0.003333 0.000000
-0.326667 0.016667 0.000000
-0.326667 0.030000 0.000000
-0.326667 0.043333 0.000000
-0.326667 0.056667 0.000000
-0.326667 0.070000 0.000000
-0.326667 0.083333 0.000000
-0.326667 0.096667 0.000000
-0.326667 0.110000 0.000000
-0.326667 0.123333 0.000000
-0.326667 0.136667 0.000000
-0.326667 0.150000 0.000000
-0.313333 -0.250000 0.000000
-0.313333 -0.236667 0.000000
-0.313333 -0.223333 0.000000
-0.313333 -0.210000 0.000000
-0.313333 -0.196667 0.000000
-0.313333 -0.183333 0.000000
-0.313333 -0.170000 0.000000
-0.313333 -0.156667 0.000000
-0.313333 -0.143333 0.000000
-0.313333 -0.130000 0.000000
-0.313333 -0.116667 0.000000
-0.313333 -0.103333 0.000000
-0.313333 -0.090000 0.000000
-0.313333 -0.076667 0.000000
-0.313333 -0.063333 0.000000
-0.313333 -0.050000 0.000000
-0.313333 -0.036667 0.000000
-0.313333 -0.023333 0.000000
-0.313333 -0.010000 0.000000
-0.313333 0.003333 0.000000
-0.313333 0.016667 0.000000
-0.313333 0.030000 0.000000
-0.313333 0.043333 0.000000
-0.313333 0.056667 0.000000
-0.313333 0.070000 0.000000
-0.313333 0.083333 0.000000
-0.313333 0.096667 0.000000
-0.313333 0.110000 0.000000
-0.313333 0.123333 0.000000
-0.313333 0.136667 0.000000
-0.313333 0.150000 0.000000
-0.300000 -0.250000 0.000000
-0.300000 -0.236667 0.000000
-0.300000 -0.223333 0.000000
-0.300000 -0.210000 0.000000
-0.300000 -0.196667 0.000000
-0.300000 -0.183333 0.000000
-0.300000 -0.170000 0.000000
-0.300000 -0.156667 0.000000
-0.300000 -0.143333 0.000000
-0.300000 -0.130000 0.000000
-0.300000 -0.116667 0.000000
-0.300000 -0.103333 0.000000
-0.300000 -0.090000 0.000000
-0.300000 -0.076667 0.000000
-0.300000 -0.063333 0.000000
-0.300000 -0.050000 0.000000
-0.300000 -0.036667 0.000000
-0.300000 -0.023333 0.000000
-0.300000 -0.010000 0.000000
-0.300000 0.003333 0.000000
-0.300000 0.016667 0.000000
-0.300000 0.030000 0.000000
-0.300000 0.043333 0.000000
-0.300000 0.056667 0.000000
-0.300000 0.070000 0.000000
-0.300000 0.083333 0.000000
-0.300000 0.096667 0.000000
-0.300000 0.110000 0.000000
-0.300000 0.123333 0.000000
-0.300000 0.136667 0.000000
-0.300000 0.150000 0.000000
-0.286667 -0.250000 0.000000
-0.286667 -0.236667 0.000000
-0.286667 -0.223333 0.000000
-0.286667 -0.210000 0.000000
-0.286667 -0.196667 0.440835
-0.286667 -0.183333 0.000000
-0.286667 -0.170000 0.000000
-0.286667 -0.156667 0.000000
-0.286667 -0.143333 0.000000
-0.286667 -0.130000 0.000000
-0.286667 -0.116667 0.000000
-0.286667 -0.103333 0.000000
-0.286667 -0.090000 0.000000
-0.286667 -0.076667 0.000000
-0.286667 -0.063333 0.000000
-0.286667 -0.050000 0.000000
-0.286667 -0.036667 0.000000
-0.286667 -0.023333 0.000000
-0.286667 -0.010000 0.248170
-0.286667 0.003333 0.125735
-0.286667 0.016667 0.335778
-0.286667 0.030000 0.315263
-0.286667 0.043333 0.648515
-0.286667 0.056667 0.324308
-0.286667 0.070000 0.000000
-0.286667 0.083333 0.137805
-0.286667 0.096667 0.000000
-0.286667 0.110000 0.000000
-0.286667 0.123333 0.000000
-0.286667 0.136667 0.000000
-0.286667 0.150000 0.000000
-0.273333 -0.250000 0.000000
-0.273333 -0.236667 0.000000
-0.273333 -0.223333 0.000000
-0.273333 -0.210000 0.000000
-0.273333 -0.196667 0.000000
-0.273333 -0.183333 0.000000
-0.273333 -0.170000 0.000000
-0.273333 -0.156667 0.000000
-0.273333 -0.143333 0.051704
-0.273333 -0.130000 0.000000
-0.273333 -0.116667 0.000000
-0.273333 -0.103333 0.000000
-0.273333 -0.090000 0.000000
-0.273333 -0.076667 0.000000
-0.273333 -0.063333 0.000000
-0.273333 -0.050000 0.000000
-0.273333 -0.036667 0.255260
-0.273333 -0.023333 0.999358
-0.273333 -0.010000 0.918541
-0.273333 0.003333 1.219951
-0.273333 0.016667 1.363469
-0.273333 0.030000 1.127398
-0.273333 0.043333 1.149275
-0.273333 0.056667 0.971641
-0.273333 0.070000 0.680503
-0.273333 0.083333 1.242391
-0.273333 0.096667 0.372431
-0.273333 0.110000 0.000000
-0.273333 0.123333 0.000000
-0.273333 0.136667 0.000000
-0.273333 0.150000 0.000000
-0.260000 -0.250000 0.000000
-0.260000 -0.236667 0.000000
-0.260000 -0.223333 0.000000
-0.260000 -0.210000 0.000000
-0.260000 -0.196667 0.000000
-0.260000 -0.183333 0.000000
-0.260000 -0.170000 0.000000
-0.260000 -0.156667 0.000000
-0.260000 -0.143333 0.000000
-0.260000 -0.130000 0.000000
-0.260000 -0.116667 0.000000
-0.260000 -0.103333 0.000000
-0.260000 -0.090000 0.000000
-0.260000 -0.076667 0.000000
-0.260000 -0.063333 0.000000
-0.260000 -0.050000 0.000000
-0.260000 -0.036667 1.189924
-0.260000 -0.023333 1.029917
-0.260000 -0.010000 1.032691
-0.260000 0.003333 0.566858
-0.260000 0.016667 0.856660
-0.260000 0.030000 0.976673
-0.260000 0.043333 1.096534
-0.260000 0.056667 1.544397
-0.260000 0.070000 1.137247
-0.260000 0.083333 0.775667
-0.260000 0.096667 0.748154
-0.260000 0.110000 0.031797
-0.260000 0.123333 0.000000
-0.260000 0.136667 0.000000
-0.260000 0.150000 0.000000
-0.246667 -0.250000 0.000000
-0.246667 -0.236667 0.000000
-0.246667 -0.223333 0.000000
-0.246667 -0.210000 0.000000
-0.246667 -0.196667 0.000000
-0.246667 -0.183333 0.000000
-0.246667 -0.170000 0.000000
-0.246667 -0.156667 0.000000
-0.246667 -0.143333 0.000000
-0.246667 -0.130000 0.000000
-0.246667 -0.116667 0.000000
-0.246667 -0.103333 0.000000
-0.246667 -0.090000 0.000000
-0.246667 -0.076667 0.000000
-0.246667 -0.063333 0.000000
-0.246667 -0.050000 0.000000
-0.246667 -0.036667 0.441271
-0.246667 -0.023333 0.702627
-0.246667 -0.010000 0.839631
-0.246667 0.003333 0.680697
-0.246667 0.016667 1.078506
-0.246667 0.030000 0.988542
-0.246667 0.043333 1.334830
-0.246667 0.056667 1.056169
-0.246667 0.070000 1.022289
-0.246667 0.083333 0.708273
-0.246667 0.096667 0.280841
-0.246667 0.110000 0.000000
-0.246667 0.123333 0.000000
-0.246667 0.136667 0.000000
-0.246667 0.150000 0.000000
-0.233333 -0.250000 0.000000
-0.233333 -0.236667 0.000000
-0.233333 -0.223333 0.000000
-0.233333 -0.210000 0.000000
-0.233333 -0.196667 0.000000
-0.233333 -0.183333 0.000000
-0.233333 -0.170000 0.000000
-0.233333 -0.156667 0.000000
-0.233333 -0.143333 0.000000
-0.233333 -0.130000 0.000000
-0.233333 -0.116667 0.000000
-0.233333 -0.103333 0.000000
-0.233333 -0.090000 0.000000
-0.233333 -0.076667 0.000000
-0.233333 -0.063333 0.000000
-0.233333 -0.050000 0.215611
-0.233333 -0.036667 1.166376
-0.233333 -0.023333 2.659916
-0.233333 -0.010000 1.910031
-0.233333 0.003333 2.213319
-0.233333 0.016667 1.947905
-0.233333 0.030000 1.164750
-0.233333 0.043333 1.953480
-0.233333 0.056667 1.924964
-0.233333 0.070000 2.467025
-0.233333 0.083333 2.611113
-0.233333 0.096667 1.162283
-0.233333 0.110000 0.000000
-0.233333 0.123333 0.000000
-0.233333 0.136667 0.000000
-0.233333 0.150000 0.000000
-0.220000 -0.250000 0.000000
-0.220000 -0.236667 0.000000
-0.220000 -0.223333 0.000000
-0.220000 -0.210000 0.000000
-0.220000 -0.196667 0.000000
-0.220000 -0.183333 0.000000
-0.220000 -0.170000 0.000000
-0.220000 -0.156667 0.000000
-0.220000 -0.143333 0.000000
-0.220000 -0.130000 0.000000
-0.220000 -0.116667 0.454447
-0.220000 -0.103333 0.000000
-0.220000 -0.090000 0.000000
-0.220000 -0.076667 0.000000
-0.220000 -0.063333 0.000000
-0.220000 -0.050000 0.000000
-0.220000 -0.036667 1.198652
-0.220000 -0.023333 1.884155
-0.220000 -0.010000 2.562711
-0.220000 0.003333 1.500981
-0.220000 0.016667 1.476396
-0.220000 0.030000 2.077380
-0.220000 0.043333 1.867402
-0.220000 0.056667 2.152535
-0.220000 0.070000 2.736164
-0.220000 0.083333 2.296450
-0.220000 0.096667 1.110726
-0.220000 0.110000 0.574701
-0.220000 0.123333 0.077462
-0.220000 0.136667 0.046491
-0.220000 0.150000 0.000000
-0.206667 -0.250000 0.000000
-0.206667 -0.236667 0.000000
-0.206667 -0.223333 0.000000
-0.206667 -0.210000 0.000000
-0.206667 -0.196667 0.000000
-0.206667 -0.183333 0.000000
-0.206667 -0.170000 0.000000
-0.206667 -0.156667 0.000000
-0.206667 -0.143333 0.000000
-0.206667 -0.130000 0.000000
-0.206667 -0.116667 0.000000
-0.206667 -0.103333 0.000000
-0.206667 -0.090000 0.084455
-0.206667 -0.076667 0.000588
-0.206667 -0.063333 0.000000
-0.206667 -0.050000 0.028244
-0.206667 -0.036667 0.676946
-0.206667 -0.023333 1.126513
-0.206667 -0.010000 2.066318
-0.206667 0.003333 2.299022
-0.206667 0.016667 1.890849
-0.206667 0.030000 1.942296
-0.206667 0.043333 2.143018
-0.206667 0.056667 2.274300
-0.206667 0.070000 2.324697
-0.206667 0.083333 2.028599
-0.206667 0.096667 0.359602
-0.206667 0.110000 0.579302
-0.206667 0.123333 0.000000
-0.206667 0.136667 0.000000
-0.206667 0.150000 0.000000
-0.193333 -0.250000 0.000000
-0.193333 -0.236667 0.000000
-0.193333 -0.223333 0.000000
-0.193333 -0.210000 0.000000
-0.193333 -0.196667 0.000000
-0.193333 -0.183333 0.000000
-0.193333 -0.170000 0.000000
-0.193333 -0.156667 0.000000
-0.193333 -0.143333 0.000000
-0.193333 -0.130000 0.000000
-0.193333 -0.116667 0.000000
-0.193333 -0.103333 0.000000
-0.193333 -0.090000 0.000000
-0.193333 -0.076667 0.000000
-0.193333 -0.063333 0.000000
-0.193333 -0.050000 0.000000
-0.193333 -0.036667 0.802748
-0.193333 -0.023333 1.718820
-0.193333 -0.010000 1.889105
-0.193333 0.003333 2.395741
-0.193333 0.016667 2.277037
-0.193333 0.030000 2.885585
-0.193333 0.043333 2.469982
-0.193333 0.056667 2.238984
-0.193333 0.070000 2.089892
-0.193333 0.083333 1.662268
-0.193333 0.096667 0.980161
-0.193333 0.110000 0.792902
-0.193333 0.123333 0.000000
-0.193333 0.136667 0.000000
-0.193333 0.150000 0.000000
-0.180000 -0.250000 0.000000
-0.180000 -0.236667 0.000000
-0.180000 -0.223333 0.056943
-0.180000 -0.210000 0.000000
-0.180000 -0.196667 0.000000
-0.180000 -0.183333 0.000000
-0.180000 -0.170000 0.000000
-0.180000 -0.156667 0.000000
-0.180000 -0.143333 0.000000
-0.180000 -0.130000 0.000000
-0.180000 -0.116667 0.000000
-0.180000 -0.103333 0.000000
-0.180000 -0.090000 0.000000
-0.180000 -0.076667 0.000000
-0.180000 -0.063333 0.000000
-0.180000 -0.050000 0.000000
-0.180000 -0.036667 0.576972
-0.180000 -0.023333 1.218147
-0.180000 -0.010000 1.991003
-0.180000 0.003333 1.831625
-0.180000 0.016667 4.097564
-0.180000 0.030000 3.871629
-0.180000 0.043333 3.904735
-0.180000 0.056667 3.743323
-0.180000 0.070000 3.309239
-0.180000 0.083333 3.019253
-0.180000 0.096667 1.548772
-0.180000 0.110000 0.636853
-0.180000 0.123333 0.038395
-0.180000 0.136667 0.089641
-0.180000 0.150000 0.000000
-0.166667 -0.250000 0.000000
-0.166667 -0.236667 0.000000
-0.166667 -0.223333 0.000000
-0.166667 -0.210000 0.000000
-0.166667 -0.196667 0.000000
-0.166667 -0.183333 0.000000
-0.166667 -0.170000 0.000000
-0.166667 -0.156667 0.000000
-0.166667 -0.143333 0.000000
-0.166667 -0.130000 0.000000
-0.166667 -0.116667 0.000000
-0.166667 -0.103333 0.000000
-0.166667 -0.090000 0.000000
-0.166667 -0.076667 0.017351
-0.166667 -0.063333 0.018492
-0.166667 -0.050000 0.000000
-0.166667 -0.036667 0.639229
-0.166667 -0.023333 1.358745
-0.166667 -0.010000 1.282857
-0.166667 0.003333 1.505635
-0.166667 0.016667 3.958609
-0.166667 0.030000 4.521070
-0.166667 0.043333 4.634722
-0.166667 0.056667 4.702108
-0.166667 0.070000 4.179345
-0.166667 0.083333 2.518112
-0.166667 0.096667 3.705853
-0.166667 0.110000 2.427574
-0.166667 0.123333 0.090735
-0.166667 0.136667 0.000000
-0.166667 0.150000 0.000000
-0.153333 -0.250000 0.000000
-0.153333 -0.236667 0.000000
-0.153333 -0.223333 0.000000
-0.153333 -0.210000 0.000000
-0.153333 -0.196667 0.000000
-0.153333 -0.183333 0.000000
-0.153333 -0.170000 0.000000
-0.153333 -0.156667 0.040810
-0.153333 -0.143333 0.000000
-0.153333 -0.130000 0.000000
-0.153333 -0.116667 0.000000
-0.153333 -0.103333 0.000000
-0.153333 -0.090000 0.000000
-0.153333 -0.076667 0.000000
-0.153333 -0.063333 0.000000
-0.153333 -0.050000 0.000000
-0.153333 -0.036667 0.671994
-0.153333 -0.023333 1.178419
-0.153333 -0.010000 0.722924
-0.153333 0.003333 1.421418
-0.153333 0.016667 2.794048
-0.153333 0.030000 3.352086
-0.153333 0.043333 3.646701
-0.153333 0.056667 3.779200
-0.153333 0.070000 3.475901
-0.153333 0.083333 3.768003
-0.153333 0.096667 3.010109
-0.153333 0.110000 1.513205
-0.153333 0.123333 0.410132
-0.153333 0.136667 0.000000
-0.153333 0.150000 0.000000
-0.140000 -0.250000 0.000000
-0.140000 -0.236667 0.000000
-0.140000 -0.223333 0.000000
-0.140000 -0.210000 0.000000
-0.140000 -0.196667 0.000000
-0.140000 -0.183333 0.000000
-0.140000 -0.170000 0.000000
-0.140000 -0.156667 0.000000
-0.140000 -0.143333 0.000000
-0.140000 -0.130000 0.000000
-0.140000 -0.116667 0.000000
-0.140000 -0.103333 0.000000
-0.140000 -0.090000 0.000000
-0.140000 -0.076667 0.048333
-0.140000 -0.063333 0.000000
-0.140000 -0.050000 0.006842
-0.140000 -0.036667 0.083892
-0.140000 -0.023333 0.120526
-0.140000 -0.010000 0.102525
-0.140000 0.003333 0.840879
-0.140000 0.016667 0.000000
-0.140000 0.030000 0.028772
-0.140000 0.043333 0.156505
-0.140000 0.056667 0.093369
-0.140000 0.070000 0.000000
-0.140000 0.083333 0.052322
-0.140000 0.096667 0.000000
-0.140000 0.110000 0.000000
-0.140000 0.123333 0.473371
-0.140000 0.136667 0.000000
-0.140000 0.150000 0.000000
-0.126667 -0.250000 0.000000
-0.126667 -0.236667 0.000000
-0.126667 -0.223333 0.000000
-0.126667 -0.210000 0.000000
-0.126667 -0.196667 0.000000
-0.126667 -0.183333 0.000000
-0.126667 -0.170000 0.000000
-0.126667 -0.156667 0.000000
-0.126667 -0.143333 0.038670
-0.126667 -0.130000 0.054596
-0.126667 -0.116667 0.163906
-0.126667 -0.103333 0.411488
-0.126667 -0.090000 0.511053
-0.126667 -0.076667 0.321870
-0.126667 -0.063333 0.398442
-0.126667 -0.050000 0.151924
-0.126667 -0.036667 0.285759
-0.126667 -0.023333 0.481348
-0.126667 -0.010000 0.245578
-0.126667 0.003333 0.331010
-0.126667 0.016667 0.390267
-0.126667 0.030000 0.420132
-0.126667 0.043333 0.243943
-0.126667 0.056667 0.347565
-0.126667 0.070000 0.403731
-0.126667 0.083333 0.741304
-0.126667 0.096667 0.587431
-0.126667 0.110000 0.059619
-0.126667 0.123333 0.031949
-0.126667 0.136667 0.020171
-0.126667 0.150000 0.000000
-0.113333 -0.250000 0.000000
-0.113333 -0.236667 0.000000
-0.113333 -0.223333 0.000000
-0.113333 -0.210000 0.000000
-0.113333 -0.196667 0.000000
-0.113333 -0.183333 0.021171
-0.113333 -0.170000 0.000000
-0.113333 -0.156667 0.000000
-0.113333 -0.143333 0.000000
-0.113333 -0.130000 0.051808
-0.113333 -0.116667 0.499755
-0.113333 -0.103333 0.425326
-0.113333 -0.090000 0.087117
-0.113333 -0.076667 0.330266
-0.113333 -0.063333 0.238651
-0.113333 -0.050000 0.342353
-0.113333 -0.036667 0.241506
-0.113333 -0.023333 0.176326
-0.113333 -0.010000 0.228748
-0.113333 0.003333 0.229374
-0.113333 0.016667 0.172635
-0.113333 0.030000 0.167960
-0.113333 0.043333 0.136233
-0.113333 0.056667 0.206357
-0.113333 0.070000 0.019453
-0.113333 0.083333 0.245789
-0.113333 0.096667 0.046282
-0.113333 0.110000 0.443659
-0.113333 0.123333 0.393996
-0.113333 0.136667 0.331886
-0.113333 0.150000 0.000000
-0.100000 -0.250000 0.000000
-0.100000 -0.236667 0.000000
-0.100000 -0.223333 0.000000
-0.100000 -0.210000 0.000000
-0.100000 -0.196667 0.000000
-0.100000 -0.183333 0.000000
-0.100000 -0.170000 0.000000
-0.100000 -0.156667 0.000000
-0.100000 -0.143333 0.000000
-0.100000 -0.130000 0.197320
-0.100000 -0.116667 0.394964
-0.100000 -0.103333 0.321503
-0.100000 -0.090000 0.263418
-0.100000 -0.076667 0.140090
-0.100000 -0.063333 0.298431
-0.100000 -0.050000 0.213998
-0.100000 -0.036667 0.276567
-0.100000 -0.023333 0.321221
-0.100000 -0.010000 0.060580
-0.100000 0.003333 0.220868
-0.100000 0.016667 0.136083
-0.100000 0.030000 0.111227
-0.100000 0.043333 0.350359
-0.100000 0.056667 0.387938
-0.100000 0.070000 0.347970
-0.100000 0.083333 0.267858
-0.100000 0.096667 0.366871
-0.100000 0.110000 0.281145
-0.100000 0.123333 0.532172
-0.100000 0.136667 0.092518
-0.100000 0.150000 0.121983
