-0.234207 0.106401 0.278026
-0.129884 0.007140 0.482523
-0.137807 0.033244 0.226000
-0.312359 -0.222221 0.000000
-0.131678 -0.054472 0.480000
-0.271941 -0.002010 1.536116
-0.307632 0.144534 0.000000
-0.224643 -0.237751 0.000000
-0.285080 -0.246528 0.000000
-0.255691 -0.073216 0.000000
-0.273851 0.063311 1.912034
-0.254751 0.123838 0.116347
-0.180284 -0.033290 1.256580
-0.461882 -0.164731 0.000000
-0.199143 -0.104459 0.000000
-0.365018 0.079045 0.000000
-0.323895 -0.232800 0.000000
-0.329611 -0.209307 0.000000
-0.313150 -0.189690 0.000000
-0.323426 0.005049 0.000000
-0.451609 0.107509 0.000000
-0.193691 0.013341 3.140466
-0.453688 -0.149351 0.000000
-0.212556 0.135852 0.049647
-0.357118 -0.225946 0.000000
-0.209493 -0.017260 2.141996
-0.156009 -0.147716 0.031269
-0.107203 0.089505 1.025806
-0.420874 0.140856 0.000000
-0.343353 0.063891 0.000000
-0.172285 -0.021945 1.503116
-0.124752 -0.192773 0.000000
-0.470285 -0.024859 0.000000
-0.391020 -0.071150 0.000000
-0.415240 -0.017449 0.000000
-0.120662 0.090044 0.450000
-0.221518 -0.043730 0.629819
-0.452212 0.099251 0.000000
-0.263637 0.120982 0.000000
-0.396992 -0.053545 0.000000
