-0.107517 -0.096927 0.239038
-0.297611 0.096580 0.097429
-0.101709 -0.099858 0.354048
-0.299647 0.097413 0.000000
-0.101195 0.098121 0.285855
-0.102811 -0.098746 0.341231
-0.299832 -0.089536 0.000000
-0.105375 0.099698 0.265012
-0.100410 0.090196 0.350113
-0.297424 -0.096497 0.000000
-0.299226 -0.071728 0.000000
-0.102741 0.088337 0.346026
-0.100974 -0.090255 0.348058
-0.298340 0.086375 0.084242
-0.299564 -0.088203 0.000000
-0.299403 -0.084459 0.000000
-0.298037 -0.098331 0.000000
-0.101278 -0.098005 0.334511
-0.299018 -0.093398 0.000000
-0.101084 -0.087176 0.362162
-0.101327 -0.094055 0.352332
-0.297172 0.067978 0.041183
-0.101636 -0.091603 0.354084
-0.101887 -0.094531 0.352512
-0.299317 0.083505 0.000000
-0.102468 -0.099845 0.363152
-0.299494 0.080887 0.000000
-0.299692 0.069701 0.145121
-0.100992 -0.095572 0.341169
-0.299941 -0.088561 0.000000
-0.296230 0.092614 0.110248
-0.295139 0.098791 0.070767
-0.101045 0.097664 0.330530
-0.101888 -0.092743 0.345885
-0.297206 -0.099484 0.000000
-0.100095 -0.090949 0.344060
-0.299548 -0.098500 0.000000
-0.295710 0.096030 0.086399
-0.293565 -0.099002 0.000000
-0.100907 0.095421 0.334398
