-0.300000 -0.100000 0.000000
-0.300000 -0.093333 0.000000
-0.300000 -0.086667 0.000000
-0.300000 -0.080000 0.000000
-0.300000 -0.073333 0.000000
-0.300000 -0.066667 0.000000
-0.300000 -0.060000 0.000000
-0.300000 -0.053333 0.000000
-0.300000 -0.046667 0.000000
-0.300000 -0.040000 0.000000
-0.300000 -0.033333 0.000000
-0.300000 -0.026667 0.000000
-0.300000 -0.020000 0.000000
-0.300000 -0.013333 0.000000
-0.300000 -0.006667 0.000000
-0.300000 -0.000000 0.000000
-0.300000 0.006667 0.000000
-0.300000 0.013333 0.000000
-0.300000 0.020000 0.000000
-0.300000 0.026667 0.000000
-0.300000 0.033333 0.000000
-0.300000 0.040000 0.000000
-0.300000 0.046667 0.000000
-0.300000 0.053333 0.000000
-0.300000 0.060000 0.000000
-0.300000 0.066667 0.000000
-0.300000 0.073333 0.109363
-0.300000 0.080000 1.993934
-0.300000 0.086667 0.000000
-0.300000 0.093333 0.000000
-0.300000 0.100000 0.000000
-0.293333 -0.100000 0.000000
-0.293333 -0.093333 0.000000
-0.293333 -0.086667 0.000000
-0.293333 -0.080000 0.000000
-0.293333 -0.073333 0.000000
-0.293333 -0.066667 0.000000
-0.293333 -0.060000 0.000000
-0.293333 -0.053333 0.000000
-0.293333 -0.046667 0.000000
-0.293333 -0.040000 0.000000
-0.293333 -0.033333 0.000000
-0.293333 -0.026667 0.000000
-0.293333 -0.020000 0.000000
-0.293333 -0.013333 0.000000
-0.293333 -0.006667 0.000000
-0.293333 -0.000000 0.000000
-0.293333 0.006667 0.000000
-0.293333 0.013333 0.000000
-0.293333 0.020000 0.021260
-0.293333 0.026667 0.000000
-0.293333 0.033333 0.000000
-0.293333 0.040000 0.000000
-0.293333 0.046667 0.000000
-0.293333 0.053333 0.000000
-0.293333 0.060000 0.000000
-0.293333 0.066667 0.000000
-0.293333 0.073333 0.000000
-0.293333 0.080000 0.000000
-0.293333 0.086667 0.000000
-0.293333 0.093333 0.000000
-0.293333 0.100000 0.000000
-0.286667 -0.100000 0.000000
-0.286667 -0.093333 0.000000
-0.286667 -0.086667 0.000000
-0.286667 -0.080000 0.000000
-0.286667 -0.073333 0.000000
-0.286667 -0.066667 0.000000
-0.286667 -0.060000 0.000000
-0.286667 -0.053333 0.000000
-0.286667 -0.046667 0.000000
-0.286667 -0.040000 0.000000
-0.286667 -0.033333 0.000000
-0.286667 -0.026667 0.000000
-0.286667 -0.020000 0.057736
-0.286667 -0.013333 0.000000
-0.286667 -0.006667 0.015187
-0.286667 -0.000000 0.000000
-0.286667 0.006667 0.633893
-0.286667 0.013333 0.625514
-0.286667 0.020000 0.272084
-0.286667 0.026667 0.000000
-0.286667 0.033333 0.000000
-0.286667 0.040000 0.060827
-0.286667 0.046667 0.000000
-0.286667 0.053333 0.650715
-0.286667 0.060000 0.661066
-0.286667 0.066667 0.236134
-0.286667 0.073333 0.417713
-0.286667 0.080000 0.000000
-0.286667 0.086667 0.000000
-0.286667 0.093333 0.000776
-0.286667 0.100000 0.000000
-0.280000 -0.100000 0.000000
-0.280000 -0.093333 0.000000
-0.280000 -0.086667 0.000000
-0.280000 -0.080000 0.000000
-0.280000 -0.073333 0.000000
-0.280000 -0.066667 0.000000
-0.280000 -0.060000 0.000000
-0.280000 -0.053333 0.000000
-0.280000 -0.046667 0.016125
-0.280000 -0.040000 0.018868
-0.280000 -0.033333 0.138992
-0.280000 -0.026667 0.854808
-0.280000 -0.020000 1.397986
-0.280000 -0.013333 1.218238
-0.280000 -0.006667 0.000000
-0.280000 -0.000000 0.845418
-0.280000 0.006667 0.836304
-0.280000 0.013333 0.322268
-0.280000 0.020000 0.099868
-0.280000 0.026667 0.916216
-0.280000 0.033333 0.916090
-0.280000 0.040000 0.756441
-0.280000 0.046667 1.109460
-0.280000 0.053333 0.437337
-0.280000 0.060000 0.659746
-0.280000 0.066667 1.155158
-0.280000 0.073333 1.075470
-0.280000 0.080000 0.261414
-0.280000 0.086667 0.550217
-0.280000 0.093333 0.000000
-0.280000 0.100000 0.000000
-0.273333 -0.100000 0.000000
-0.273333 -0.093333 0.000000
-0.273333 -0.086667 0.000000
-0.273333 -0.080000 0.000000
-0.273333 -0.073333 0.000000
-0.273333 -0.066667 0.000000
-0.273333 -0.060000 0.000000
-0.273333 -0.053333 0.000000
-0.273333 -0.046667 0.000000
-0.273333 -0.040000 0.000000
-0.273333 -0.033333 0.670124
-0.273333 -0.026667 0.178110
-0.273333 -0.020000 0.477512
-0.273333 -0.013333 1.007547
-0.273333 -0.006667 1.005676
-0.273333 -0.000000 0.219353
-0.273333 0.006667 0.539210
-0.273333 0.013333 0.000000
-0.273333 0.020000 0.803827
-0.273333 0.026667 0.261719
-0.273333 0.033333 0.000000
-0.273333 0.040000 0.343803
-0.273333 0.046667 0.556260
-0.273333 0.053333 0.490946
-0.273333 0.060000 0.294124
-0.273333 0.066667 1.486098
-0.273333 0.073333 0.761140
-0.273333 0.080000 0.979674
-0.273333 0.086667 0.399399
-0.273333 0.093333 0.000000
-0.273333 0.100000 0.000000
-0.266667 -0.100000 0.000000
-0.266667 -0.093333 0.000000
-0.266667 -0.086667 0.000000
-0.266667 -0.080000 0.000000
-0.266667 -0.073333 0.000000
-0.266667 -0.066667 0.000000
-0.266667 -0.060000 0.000000
-0.266667 -0.053333 0.000000
-0.266667 -0.046667 0.000000
-0.266667 -0.040000 0.845788
-0.266667 -0.033333 0.669872
-0.266667 -0.026667 1.198430
-0.266667 -0.020000 1.048234
-0.266667 -0.013333 1.065170
-0.266667 -0.006667 0.550248
-0.266667 -0.000000 1.273348
-0.266667 0.006667 0.754230
-0.266667 0.013333 1.081728
-0.266667 0.020000 1.098910
-0.266667 0.026667 1.087258
-0.266667 0.033333 0.579496
-0.266667 0.040000 0.584290
-0.266667 0.046667 1.683930
-0.266667 0.053333 1.142428
-0.266667 0.060000 1.153770
-0.266667 0.066667 1.109910
-0.266667 0.073333 0.560500
-0.266667 0.080000 0.230510
-0.266667 0.086667 0.643208
-0.266667 0.093333 0.660420
-0.266667 0.100000 0.119705
-0.260000 -0.100000 0.000000
-0.260000 -0.093333 0.000000
-0.260000 -0.086667 0.000000
-0.260000 -0.080000 0.000000
-0.260000 -0.073333 0.000000
-0.260000 -0.066667 0.000000
-0.260000 -0.060000 0.000000
-0.260000 -0.053333 0.000000
-0.260000 -0.046667 0.000000
-0.260000 -0.040000 0.128898
-0.260000 -0.033333 0.509954
-0.260000 -0.026667 1.016692
-0.260000 -0.020000 1.279616
-0.260000 -0.013333 0.226117
-0.260000 -0.006667 1.179888
-0.260000 -0.000000 1.315224
-0.260000 0.006667 1.056654
-0.260000 0.013333 0.777530
-0.260000 0.020000 1.108814
-0.260000 0.026667 1.098946
-0.260000 0.033333 1.014136
-0.260000 0.040000 1.603796
-0.260000 0.046667 0.598990
-0.260000 0.053333 1.124888
-0.260000 0.060000 1.076596
-0.260000 0.066667 0.465864
-0.260000 0.073333 1.784702
-0.260000 0.080000 0.702848
-0.260000 0.086667 0.950522
-0.260000 0.093333 0.807528
-0.260000 0.100000 0.000000
-0.253333 -0.100000 0.000000
-0.253333 -0.093333 0.000000
-0.253333 -0.086667 0.000000
-0.253333 -0.080000 0.000000
-0.253333 -0.073333 0.000000
-0.253333 -0.066667 0.000000
-0.253333 -0.060000 0.000000
-0.253333 -0.053333 0.000000
-0.253333 -0.046667 0.509418
-0.253333 -0.040000 0.367042
-0.253333 -0.033333 0.859132
-0.253333 -0.026667 0.000000
-0.253333 -0.020000 0.889602
-0.253333 -0.013333 0.636552
-0.253333 -0.006667 0.492278
-0.253333 -0.000000 0.898450
-0.253333 0.006667 0.400074
-0.253333 0.013333 1.135712
-0.253333 0.020000 0.493002
-0.253333 0.026667 0.964504
-0.253333 0.033333 1.067894
-0.253333 0.040000 1.141244
-0.253333 0.046667 0.110398
-0.253333 0.053333 0.000000
-0.253333 0.060000 0.974955
-0.253333 0.066667 0.650788
-0.253333 0.073333 0.200706
-0.253333 0.080000 0.887622
-0.253333 0.086667 0.625198
-0.253333 0.093333 0.386610
-0.253333 0.100000 0.821179
-0.246667 -0.100000 0.000000
-0.246667 -0.093333 0.000000
-0.246667 -0.086667 0.000000
-0.246667 -0.080000 0.000000
-0.246667 -0.073333 0.000000
-0.246667 -0.066667 0.000000
-0.246667 -0.060000 0.000000
-0.246667 -0.053333 0.000000
-0.246667 -0.046667 0.250053
-0.246667 -0.040000 0.068780
-0.246667 -0.033333 0.429562
-0.246667 -0.026667 1.048840
-0.246667 -0.020000 0.603101
-0.246667 -0.013333 1.198536
-0.246667 -0.006667 1.825322
-0.246667 -0.000000 0.847090
-0.246667 0.006667 0.288414
-0.246667 0.013333 1.180858
-0.246667 0.020000 1.490696
-0.246667 0.026667 0.449492
-0.246667 0.033333 1.518042
-0.246667 0.040000 0.041760
-0.246667 0.046667 0.328859
-0.246667 0.053333 0.333974
-0.246667 0.060000 0.790254
-0.246667 0.066667 0.344162
-0.246667 0.073333 0.508566
-0.246667 0.080000 0.295602
-0.246667 0.086667 0.707892
-0.246667 0.093333 0.653920
-0.246667 0.100000 0.253480
-0.240000 -0.100000 0.000000
-0.240000 -0.093333 0.000000
-0.240000 -0.086667 0.000000
-0.240000 -0.080000 0.000000
-0.240000 -0.073333 0.000000
-0.240000 -0.066667 0.000000
-0.240000 -0.060000 0.000000
-0.240000 -0.053333 0.000000
-0.240000 -0.046667 0.338882
-0.240000 -0.040000 0.333780
-0.240000 -0.033333 0.764418
-0.240000 -0.026667 0.846774
-0.240000 -0.020000 2.051438
-0.240000 -0.013333 2.152322
-0.240000 -0.006667 2.159032
-0.240000 -0.000000 2.154674
-0.240000 0.006667 1.322100
-0.240000 0.013333 2.183576
-0.240000 0.020000 1.194482
-0.240000 0.026667 1.030892
-0.240000 0.033333 1.024066
-0.240000 0.040000 2.242502
-0.240000 0.046667 2.230604
-0.240000 0.053333 2.280440
-0.240000 0.060000 3.226428
-0.240000 0.066667 1.494196
-0.240000 0.073333 2.334310
-0.240000 0.080000 2.332418
-0.240000 0.086667 2.136672
-0.240000 0.093333 1.081428
-0.240000 0.100000 0.375600
-0.233333 -0.100000 0.000000
-0.233333 -0.093333 0.000000
-0.233333 -0.086667 0.000000
-0.233333 -0.080000 0.000000
-0.233333 -0.073333 0.000000
-0.233333 -0.066667 0.000000
-0.233333 -0.060000 0.000000
-0.233333 -0.053333 0.000000
-0.233333 -0.046667 0.059729
-0.233333 -0.040000 0.525952
-0.233333 -0.033333 0.976612
-0.233333 -0.026667 1.921274
-0.233333 -0.020000 2.374678
-0.233333 -0.013333 1.497150
-0.233333 -0.006667 2.587408
-0.233333 -0.000000 2.011700
-0.233333 0.006667 0.711144
-0.233333 0.013333 2.054420
-0.233333 0.020000 2.089252
-0.233333 0.026667 2.888820
-0.233333 0.033333 2.100414
-0.233333 0.040000 1.348924
-0.233333 0.046667 1.616288
-0.233333 0.053333 1.923434
-0.233333 0.060000 2.391432
-0.233333 0.066667 1.424698
-0.233333 0.073333 1.444200
-0.233333 0.080000 1.789506
-0.233333 0.086667 0.883246
-0.233333 0.093333 0.465390
-0.233333 0.100000 1.166083
-0.226667 -0.100000 0.000000
-0.226667 -0.093333 0.000000
-0.226667 -0.086667 0.341914
-0.226667 -0.080000 0.000000
-0.226667 -0.073333 0.000000
-0.226667 -0.066667 0.000000
-0.226667 -0.060000 0.092650
-0.226667 -0.053333 0.000000
-0.226667 -0.046667 0.628792
-0.226667 -0.040000 1.061434
-0.226667 -0.033333 0.690990
-0.226667 -0.026667 1.519180
-0.226667 -0.020000 1.901084
-0.226667 -0.013333 1.246488
-0.226667 -0.006667 2.038404
-0.226667 -0.000000 2.202236
-0.226667 0.006667 1.255014
-0.226667 0.013333 0.706758
-0.226667 0.020000 2.245208
-0.226667 0.026667 2.380006
-0.226667 0.033333 2.244360
-0.226667 0.040000 1.582532
-0.226667 0.046667 0.565098
-0.226667 0.053333 1.583316
-0.226667 0.060000 1.436942
-0.226667 0.066667 1.451274
-0.226667 0.073333 2.198762
-0.226667 0.080000 1.422448
-0.226667 0.086667 0.449872
-0.226667 0.093333 0.909706
-0.226667 0.100000 1.043068
-0.220000 -0.100000 0.192042
-0.220000 -0.093333 0.000000
-0.220000 -0.086667 0.000000
-0.220000 -0.080000 0.000000
-0.220000 -0.073333 0.000000
-0.220000 -0.066667 0.056944
-0.220000 -0.060000 0.000000
-0.220000 -0.053333 0.000000
-0.220000 -0.046667 0.015653
-0.220000 -0.040000 0.666518
-0.220000 -0.033333 1.682072
-0.220000 -0.026667 1.289080
-0.220000 -0.020000 1.909844
-0.220000 -0.013333 2.021976
-0.220000 -0.006667 2.184256
-0.220000 -0.000000 1.646890
-0.220000 0.006667 1.706144
-0.220000 0.013333 1.716514
-0.220000 0.020000 0.857704
-0.220000 0.026667 1.262184
-0.220000 0.033333 2.369516
-0.220000 0.040000 2.204946
-0.220000 0.046667 2.247248
-0.220000 0.053333 2.588146
-0.220000 0.060000 2.324106
-0.220000 0.066667 3.177910
-0.220000 0.073333 2.391514
-0.220000 0.080000 1.502028
-0.220000 0.086667 0.691484
-0.220000 0.093333 1.000650
-0.220000 0.100000 0.895232
-0.213333 -0.100000 0.000000
-0.213333 -0.093333 0.000000
-0.213333 -0.086667 0.000000
-0.213333 -0.080000 0.000000
-0.213333 -0.073333 0.000000
-0.213333 -0.066667 0.000000
-0.213333 -0.060000 0.000000
-0.213333 -0.053333 0.049477
-0.213333 -0.046667 0.214350
-0.213333 -0.040000 0.860198
-0.213333 -0.033333 0.547028
-0.213333 -0.026667 0.419894
-0.213333 -0.020000 1.854450
-0.213333 -0.013333 1.758320
-0.213333 -0.006667 1.303142
-0.213333 -0.000000 1.331280
-0.213333 0.006667 1.890622
-0.213333 0.013333 1.809660
-0.213333 0.020000 2.537756
-0.213333 0.026667 2.094026
-0.213333 0.033333 2.533676
-0.213333 0.040000 1.120664
-0.213333 0.046667 2.031152
-0.213333 0.053333 1.650583
-0.213333 0.060000 0.966781
-0.213333 0.066667 1.473950
-0.213333 0.073333 2.310928
-0.213333 0.080000 1.365802
-0.213333 0.086667 0.461754
-0.213333 0.093333 1.397658
-0.213333 0.100000 1.598614
-0.206667 -0.100000 0.728094
-0.206667 -0.093333 0.000000
-0.206667 -0.086667 0.101318
-0.206667 -0.080000 0.000000
-0.206667 -0.073333 0.000000
-0.206667 -0.066667 0.010198
-0.206667 -0.060000 0.000000
-0.206667 -0.053333 0.000000
-0.206667 -0.046667 0.078131
-0.206667 -0.040000 0.808024
-0.206667 -0.033333 0.275686
-0.206667 -0.026667 1.534228
-0.206667 -0.020000 1.591536
-0.206667 -0.013333 1.521662
-0.206667 -0.006667 1.980410
-0.206667 -0.000000 2.246888
-0.206667 0.006667 3.008274
-0.206667 0.013333 3.014912
-0.206667 0.020000 2.121936
-0.206667 0.026667 1.420382
-0.206667 0.033333 1.631277
-0.206667 0.040000 1.987902
-0.206667 0.046667 1.683464
-0.206667 0.053333 0.660062
-0.206667 0.060000 1.527608
-0.206667 0.066667 0.762049
-0.206667 0.073333 1.506410
-0.206667 0.080000 1.397170
-0.206667 0.086667 0.500424
-0.206667 0.093333 0.114204
-0.206667 0.100000 0.825122
-0.200000 -0.100000 0.000000
-0.200000 -0.093333 0.000000
-0.200000 -0.086667 0.000000
-0.200000 -0.080000 0.000000
-0.200000 -0.073333 0.000000
-0.200000 -0.066667 0.000000
-0.200000 -0.060000 0.000000
-0.200000 -0.053333 0.000000
-0.200000 -0.046667 0.000000
-0.200000 -0.040000 0.032660
-0.200000 -0.033333 1.333016
-0.200000 -0.026667 0.617604
-0.200000 -0.020000 1.527800
-0.200000 -0.013333 2.372924
-0.200000 -0.006667 1.124846
-0.200000 -0.000000 0.744530
-0.200000 0.006667 1.714072
-0.200000 0.013333 0.316474
-0.200000 0.020000 0.669168
-0.200000 0.026667 0.881441
-0.200000 0.033333 2.373486
-0.200000 0.040000 2.360076
-0.200000 0.046667 2.394942
-0.200000 0.053333 1.453542
-0.200000 0.060000 1.719916
-0.200000 0.066667 2.386238
-0.200000 0.073333 1.273834
-0.200000 0.080000 0.386466
-0.200000 0.086667 0.614819
-0.200000 0.093333 1.117638
-0.200000 0.100000 0.756052
-0.193333 -0.100000 0.000000
-0.193333 -0.093333 0.000000
-0.193333 -0.086667 0.000000
-0.193333 -0.080000 0.000000
-0.193333 -0.073333 0.018649
-0.193333 -0.066667 0.132082
-0.193333 -0.060000 0.000000
-0.193333 -0.053333 0.000000
-0.193333 -0.046667 0.000000
-0.193333 -0.040000 0.294986
-0.193333 -0.033333 0.709199
-0.193333 -0.026667 1.341822
-0.193333 -0.020000 2.252862
-0.193333 -0.013333 1.528184
-0.193333 -0.006667 1.944870
-0.193333 -0.000000 2.587386
-0.193333 0.006667 1.032144
-0.193333 0.013333 1.444916
-0.193333 0.020000 2.297390
-0.193333 0.026667 3.127656
-0.193333 0.033333 2.247852
-0.193333 0.040000 2.342542
-0.193333 0.046667 2.379640
-0.193333 0.053333 1.544392
-0.193333 0.060000 2.325114
-0.193333 0.066667 0.711230
-0.193333 0.073333 1.482916
-0.193333 0.080000 1.030030
-0.193333 0.086667 1.108031
-0.193333 0.093333 0.932594
-0.193333 0.100000 0.902456
-0.186667 -0.100000 0.619893
-0.186667 -0.093333 0.000000
-0.186667 -0.086667 0.053043
-0.186667 -0.080000 0.000000
-0.186667 -0.073333 0.000000
-0.186667 -0.066667 0.039409
-0.186667 -0.060000 0.029241
-0.186667 -0.053333 0.000000
-0.186667 -0.046667 0.000000
-0.186667 -0.040000 0.044607
-0.186667 -0.033333 0.992368
-0.186667 -0.026667 0.965176
-0.186667 -0.020000 2.401950
-0.186667 -0.013333 2.271408
-0.186667 -0.006667 1.433226
-0.186667 -0.000000 2.296996
-0.186667 0.006667 2.729148
-0.186667 0.013333 2.131300
-0.186667 0.020000 2.116014
-0.186667 0.026667 3.016232
-0.186667 0.033333 1.770208
-0.186667 0.040000 1.069107
-0.186667 0.046667 2.119792
-0.186667 0.053333 2.691540
-0.186667 0.060000 2.899308
-0.186667 0.066667 2.798196
-0.186667 0.073333 1.796926
-0.186667 0.080000 1.923906
-0.186667 0.086667 1.405210
-0.186667 0.093333 1.002244
-0.186667 0.100000 0.000000
-0.180000 -0.100000 0.000000
-0.180000 -0.093333 0.549019
-0.180000 -0.086667 0.000000
-0.180000 -0.080000 0.045165
-0.180000 -0.073333 0.050808
-0.180000 -0.066667 0.271063
-0.180000 -0.060000 0.000000
-0.180000 -0.053333 0.000000
-0.180000 -0.046667 0.078831
-0.180000 -0.040000 0.000000
-0.180000 -0.033333 0.877379
-0.180000 -0.026667 0.853372
-0.180000 -0.020000 0.905606
-0.180000 -0.013333 2.077950
-0.180000 -0.006667 1.951014
-0.180000 -0.000000 2.390407
-0.180000 0.006667 2.401846
-0.180000 0.013333 2.405226
-0.180000 0.020000 3.791184
-0.180000 0.026667 2.585720
-0.180000 0.033333 1.391910
-0.180000 0.040000 3.363478
-0.180000 0.046667 3.754212
-0.180000 0.053333 1.384708
-0.180000 0.060000 2.520130
-0.180000 0.066667 3.661308
-0.180000 0.073333 2.523866
-0.180000 0.080000 3.857306
-0.180000 0.086667 4.322088
-0.180000 0.093333 1.384198
-0.180000 0.100000 1.974964
-0.173333 -0.100000 0.000000
-0.173333 -0.093333 0.000000
-0.173333 -0.086667 0.000000
-0.173333 -0.080000 0.032562
-0.173333 -0.073333 0.052704
-0.173333 -0.066667 0.056695
-0.173333 -0.060000 0.054925
-0.173333 -0.053333 0.000000
-0.173333 -0.046667 0.042830
-0.173333 -0.040000 0.504210
-0.173333 -0.033333 1.269940
-0.173333 -0.026667 1.070812
-0.173333 -0.020000 0.780732
-0.173333 -0.013333 1.062634
-0.173333 -0.006667 1.897696
-0.173333 -0.000000 1.801517
-0.173333 0.006667 2.886834
-0.173333 0.013333 1.960552
-0.173333 0.020000 0.632981
-0.173333 0.026667 2.373604
-0.173333 0.033333 2.681350
-0.173333 0.040000 2.684848
-0.173333 0.046667 2.323940
-0.173333 0.053333 2.881052
-0.173333 0.060000 2.252046
-0.173333 0.066667 3.884742
-0.173333 0.073333 3.849800
-0.173333 0.080000 3.851848
-0.173333 0.086667 3.791200
-0.173333 0.093333 2.483116
-0.173333 0.100000 3.223826
-0.166667 -0.100000 0.064589
-0.166667 -0.093333 0.000000
-0.166667 -0.086667 0.000000
-0.166667 -0.080000 0.000000
-0.166667 -0.073333 0.000000
-0.166667 -0.066667 0.846198
-0.166667 -0.060000 0.000000
-0.166667 -0.053333 0.000000
-0.166667 -0.046667 0.060308
-0.166667 -0.040000 0.032797
-0.166667 -0.033333 0.482006
-0.166667 -0.026667 1.399106
-0.166667 -0.020000 0.948701
-0.166667 -0.013333 1.461612
-0.166667 -0.006667 1.931828
-0.166667 -0.000000 1.132688
-0.166667 0.006667 2.528516
-0.166667 0.013333 3.818976
-0.166667 0.020000 1.661702
-0.166667 0.026667 5.125066
-0.166667 0.033333 2.976748
-0.166667 0.040000 3.024179
-0.166667 0.046667 2.973144
-0.166667 0.053333 4.056660
-0.166667 0.060000 2.352143
-0.166667 0.066667 0.882672
-0.166667 0.073333 5.238328
-0.166667 0.080000 3.314858
-0.166667 0.086667 3.421496
-0.166667 0.093333 0.676646
-0.166667 0.100000 1.606096
-0.160000 -0.100000 0.066637
-0.160000 -0.093333 0.078488
-0.160000 -0.086667 0.068755
-0.160000 -0.080000 0.000000
-0.160000 -0.073333 0.138544
-0.160000 -0.066667 0.000000
-0.160000 -0.060000 0.000000
-0.160000 -0.053333 0.000000
-0.160000 -0.046667 0.000000
-0.160000 -0.040000 0.454265
-0.160000 -0.033333 1.721380
-0.160000 -0.026667 0.641234
-0.160000 -0.020000 0.920822
-0.160000 -0.013333 0.735790
-0.160000 -0.006667 0.551462
-0.160000 -0.000000 0.731631
-0.160000 0.006667 1.421664
-0.160000 0.013333 3.313473
-0.160000 0.020000 2.774075
-0.160000 0.026667 3.678518
-0.160000 0.033333 2.624234
-0.160000 0.040000 3.847720
-0.160000 0.046667 3.811620
-0.160000 0.053333 3.887428
-0.160000 0.060000 1.494434
-0.160000 0.066667 3.002754
-0.160000 0.073333 4.062338
-0.160000 0.080000 4.303808
-0.160000 0.086667 1.841686
-0.160000 0.093333 2.858656
-0.160000 0.100000 1.540220
-0.153333 -0.100000 0.000000
-0.153333 -0.093333 0.000000
-0.153333 -0.086667 0.048290
-0.153333 -0.080000 1.092257
-0.153333 -0.073333 0.000000
-0.153333 -0.066667 0.916766
-0.153333 -0.060000 0.000000
-0.153333 -0.053333 0.058125
-0.153333 -0.046667 0.000000
-0.153333 -0.040000 0.064872
-0.153333 -0.033333 1.119702
-0.153333 -0.026667 1.977671
-0.153333 -0.020000 1.237148
-0.153333 -0.013333 0.000000
-0.153333 -0.006667 1.120476
-0.153333 -0.000000 1.287178
-0.153333 0.006667 2.314142
-0.153333 0.013333 1.204710
-0.153333 0.020000 2.461676
-0.153333 0.026667 3.659552
-0.153333 0.033333 4.822504
-0.153333 0.040000 4.326788
-0.153333 0.046667 3.687658
-0.153333 0.053333 3.706664
-0.153333 0.060000 3.072766
-0.153333 0.066667 4.441744
-0.153333 0.073333 3.752390
-0.153333 0.080000 3.314068
-0.153333 0.086667 2.580562
-0.153333 0.093333 1.318816
-0.153333 0.100000 2.414974
-0.146667 -0.100000 0.090639
-0.146667 -0.093333 0.000000
-0.146667 -0.086667 0.080246
-0.146667 -0.080000 0.128953
-0.146667 -0.073333 0.108111
-0.146667 -0.066667 0.153758
-0.146667 -0.060000 0.000000
-0.146667 -0.053333 0.096235
-0.146667 -0.046667 0.000000
-0.146667 -0.040000 1.675324
-0.146667 -0.033333 0.592746
-0.146667 -0.026667 0.000000
-0.146667 -0.020000 0.724069
-0.146667 -0.013333 0.792360
-0.146667 -0.006667 1.318142
-0.146667 -0.000000 1.358369
-0.146667 0.006667 1.953132
-0.146667 0.013333 0.893311
-0.146667 0.020000 0.979930
-0.146667 0.026667 2.134822
-0.146667 0.033333 3.280494
-0.146667 0.040000 1.732470
-0.146667 0.046667 2.422888
-0.146667 0.053333 1.979416
-0.146667 0.060000 1.662578
-0.146667 0.066667 0.931118
-0.146667 0.073333 3.603508
-0.146667 0.080000 2.415250
-0.146667 0.086667 1.777337
-0.146667 0.093333 3.641582
-0.146667 0.100000 1.590176
-0.140000 -0.100000 0.156918
-0.140000 -0.093333 0.000000
-0.140000 -0.086667 0.000000
-0.140000 -0.080000 0.182000
-0.140000 -0.073333 0.162000
-0.140000 -0.066667 0.190000
-0.140000 -0.060000 0.000000
-0.140000 -0.053333 1.300000
-0.140000 -0.046667 0.360728
-0.140000 -0.040000 1.349857
-0.140000 -0.033333 0.000000
-0.140000 -0.026667 0.000000
-0.140000 -0.020000 0.000000
-0.140000 -0.013333 0.000000
-0.140000 -0.006667 0.000000
-0.140000 -0.000000 1.185815
-0.140000 0.006667 0.000000
-0.140000 0.013333 0.000000
-0.140000 0.020000 0.000000
-0.140000 0.026667 0.172512
-0.140000 0.033333 0.002082
-0.140000 0.040000 0.531150
-0.140000 0.046667 0.000000
-0.140000 0.053333 0.000000
-0.140000 0.060000 0.000000
-0.140000 0.066667 0.129631
-0.140000 0.073333 0.190000
-0.140000 0.080000 0.000000
-0.140000 0.086667 0.542634
-0.140000 0.093333 0.232139
-0.140000 0.100000 0.210297
-0.133333 -0.100000 0.458100
-0.133333 -0.093333 0.486702
-0.133333 -0.086667 0.368000
-0.133333 -0.080000 0.000000
-0.133333 -0.073333 0.436174
-0.133333 -0.066667 0.402361
-0.133333 -0.060000 0.130023
-0.133333 -0.053333 0.452000
-0.133333 -0.046667 0.144000
-0.133333 -0.040000 0.434000
-0.133333 -0.033333 0.445604
-0.133333 -0.026667 0.424000
-0.133333 -0.020000 0.158000
-0.133333 -0.013333 0.444600
-0.133333 -0.006667 0.384154
-0.133333 -0.000000 0.299705
-0.133333 0.006667 0.427765
-0.133333 0.013333 0.155783
-0.133333 0.020000 0.200040
-0.133333 0.026667 0.152000
-0.133333 0.033333 0.446000
-0.133333 0.040000 0.148000
-0.133333 0.046667 0.432000
-0.133333 0.053333 0.480000
-0.133333 0.060000 0.168000
-0.133333 0.066667 0.132000
-0.133333 0.073333 0.000000
-0.133333 0.080000 0.435666
-0.133333 0.086667 0.000000
-0.133333 0.093333 1.347028
-0.133333 0.100000 0.415056
-0.126667 -0.100000 0.196935
-0.126667 -0.093333 0.495195
-0.126667 -0.086667 0.478543
-0.126667 -0.080000 0.458310
-0.126667 -0.073333 0.496020
-0.126667 -0.066667 0.194000
-0.126667 -0.060000 0.496000
-0.126667 -0.053333 0.492000
-0.126667 -0.046667 0.420683
-0.126667 -0.040000 0.459042
-0.126667 -0.033333 0.196000
-0.126667 -0.026667 0.464074
-0.126667 -0.020000 0.500020
-0.126667 -0.013333 0.494509
-0.126667 -0.006667 0.472047
-0.126667 -0.000000 0.383724
-0.126667 0.006667 0.434544
-0.126667 0.013333 0.497057
-0.126667 0.020000 0.124947
-0.126667 0.026667 0.496000
-0.126667 0.033333 0.494000
-0.126667 0.040000 0.498000
-0.126667 0.046667 0.431727
-0.126667 0.053333 0.198020
-0.126667 0.060000 0.447686
-0.126667 0.066667 0.198000
-0.126667 0.073333 0.488000
-0.126667 0.080000 0.198000
-0.126667 0.086667 0.498000
-0.126667 0.093333 0.492406
-0.126667 0.100000 0.497870
-0.120000 -0.100000 0.456323
-0.120000 -0.093333 0.400251
-0.120000 -0.086667 0.135082
-0.120000 -0.080000 0.384077
-0.120000 -0.073333 0.449696
-0.120000 -0.066667 0.124352
-0.120000 -0.060000 0.590832
-0.120000 -0.053333 0.383241
-0.120000 -0.046667 0.376125
-0.120000 -0.040000 0.436000
-0.120000 -0.033333 0.440022
-0.120000 -0.026667 0.446000
-0.120000 -0.020000 0.449156
-0.120000 -0.013333 0.439257
-0.120000 -0.006667 0.122861
-0.120000 -0.000000 0.401836
-0.120000 0.006667 0.376680
-0.120000 0.013333 0.158282
-0.120000 0.020000 0.448000
-0.120000 0.026667 0.140551
-0.120000 0.033333 0.440000
-0.120000 0.040000 0.440000
-0.120000 0.046667 0.160000
-0.120000 0.053333 0.424000
-0.120000 0.060000 0.416729
-0.120000 0.066667 0.454021
-0.120000 0.073333 0.123812
-0.120000 0.080000 0.416285
-0.120000 0.086667 0.393081
-0.120000 0.093333 0.454000
-0.120000 0.100000 0.442674
-0.113333 -0.100000 0.000000
-0.113333 -0.093333 0.080000
-0.113333 -0.086667 0.084021
-0.113333 -0.080000 0.066000
-0.113333 -0.073333 0.000000
-0.113333 -0.066667 0.045852
-0.113333 -0.060000 0.352000
-0.113333 -0.053333 0.052000
-0.113333 -0.046667 0.320000
-0.113333 -0.040000 0.072801
-0.113333 -0.033333 0.068000
-0.113333 -0.026667 0.312000
-0.113333 -0.020000 0.304000
-0.113333 -0.013333 0.034483
-0.113333 -0.006667 0.586649
-0.113333 -0.000000 0.000000
-0.113333 0.006667 0.000000
-0.113333 0.013333 0.308199
-0.113333 0.020000 0.000000
-0.113333 0.026667 0.030000
-0.113333 0.033333 0.330000
-0.113333 0.040000 0.351577
-0.113333 0.046667 0.046000
-0.113333 0.053333 0.730087
-0.113333 0.060000 0.036826
-0.113333 0.066667 0.324000
-0.113333 0.073333 0.066022
-0.113333 0.080000 0.280396
-0.113333 0.086667 0.314000
-0.113333 0.093333 0.353950
-0.113333 0.100000 0.435113
-0.106667 -0.100000 0.329469
-0.106667 -0.093333 0.302071
-0.106667 -0.086667 0.072052
-0.106667 -0.080000 0.346054
-0.106667 -0.073333 0.356128
-0.106667 -0.066667 0.210029
-0.106667 -0.060000 0.056000
-0.106667 -0.053333 0.000000
-0.106667 -0.046667 0.369237
-0.106667 -0.040000 0.355600
-0.106667 -0.033333 0.252132
-0.106667 -0.026667 1.027260
-0.106667 -0.020000 0.586871
-0.106667 -0.013333 1.311566
-0.106667 -0.006667 0.190840
-0.106667 -0.000000 0.082793
-0.106667 0.006667 0.458534
-0.106667 0.013333 0.148387
-0.106667 0.020000 0.527044
-0.106667 0.026667 2.588472
-0.106667 0.033333 1.270829
-0.106667 0.040000 0.050995
-0.106667 0.046667 0.360513
-0.106667 0.053333 0.613888
-0.106667 0.060000 0.413342
-0.106667 0.066667 0.234826
-0.106667 0.073333 0.932112
-0.106667 0.080000 0.104048
-0.106667 0.086667 0.000000
-0.106667 0.093333 0.085510
-0.106667 0.100000 0.299508
-0.100000 -0.100000 0.325505
-0.100000 -0.093333 0.324035
-0.100000 -0.086667 0.000000
-0.100000 -0.080000 0.050558
-0.100000 -0.073333 0.079887
-0.100000 -0.066667 0.000000
-0.100000 -0.060000 0.072029
-0.100000 -0.053333 0.324391
-0.100000 -0.046667 0.000000
-0.100000 -0.040000 0.476767
-0.100000 -0.033333 0.077050
-0.100000 -0.026667 0.000000
-0.100000 -0.020000 0.104219
-0.100000 -0.013333 0.000000
-0.100000 -0.006667 0.079139
-0.100000 -0.000000 0.331205
-0.100000 0.006667 0.062090
-0.100000 0.013333 0.391453
-0.100000 0.020000 0.053151
-0.100000 0.026667 0.076056
-0.100000 0.033333 0.000000
-0.100000 0.040000 0.311345
-0.100000 0.046667 0.000000
-0.100000 0.053333 0.344117
-0.100000 0.060000 0.350029
-0.100000 0.066667 0.078000
-0.100000 0.073333 0.090000
-0.100000 0.080000 0.000000
-0.100000 0.086667 0.100079
-0.100000 0.093333 0.000000
-0.100000 0.100000 0.273977
