-0.117706 -0.013717 0.427406
-0.293929 0.000456 0.061500
-0.238006 -0.048007 0.451778
-0.235311 0.082188 1.755522
-0.180953 -0.030806 1.096662
-0.142189 0.055413 1.061179
-0.230885 0.004564 2.733758
-0.251103 0.045515 1.368036
-0.193767 -0.083679 0.000000
-0.264890 0.070508 1.406920
-0.202651 0.052897 2.806758
-0.277829 -0.012357 1.576742
-0.146864 -0.022005 1.373350
-0.254640 0.036233 1.553478
-0.206749 -0.093274 0.000000
-0.107872 0.054084 1.004374
-0.158141 0.097872 4.107850
-0.237891 0.040194 3.067062
-0.205591 -0.007865 2.733896
-0.213688 -0.007708 2.667380
-0.146105 0.042665 1.549939
-0.223200 -0.060310 0.000000
-0.276506 -0.064953 0.000000
-0.222840 0.015527 1.753888
-0.234003 0.081458 3.102316
-0.215475 -0.057440 0.000000
-0.179541 -0.016105 1.674148
-0.122496 -0.026412 0.468000
-0.135771 0.060708 0.280000
-0.163825 0.043949 5.259260
-0.274827 0.025672 1.267624
-0.107464 0.001579 0.390363
-0.102473 -0.006491 0.342850
-0.192058 -0.022676 2.256480
-0.167643 0.039808 3.910642
-0.140558 -0.067856 0.180000
-0.185550 0.064419 4.017140
-0.103964 0.006350 0.366044
-0.151429 -0.009348 1.031107
-0.105132 0.032131 0.342117
