6.7655920660800248 -0.91355919451787315 -2.319335
-4.0399052554798534 -2.2371964780273981 -0.239124
1.2796216146807158 6.9969252459960689 -0.262654
-6.8331383654757989 5.4344592622978514 -0.997715
2.8274464294188366 2.1104419127928562 -1.253453
2.9172140983818196 2.3227339773231659 1.244185
0.41791458422571992 -1.8343486483257028 0.718197
0.50230965816090833 -2.2995894726990205 -0.806535
4.982553060216917 -6.7372103040594098 -0.723160
6.0791460587603598 -6.9218352446079336 0.302930
-6.3343387556630351 -0.22249664046140083 -0.094674
-6.9774246954244399 -0.10022637798570422 -0.832492
6.8645926164728621 2.4897103328310397 -0.068958
-6.9921490733050247 -5.1636858521409774 0.177212
5.6841348628797288 6.4655731676224608 1.708209
0.093933251427905873 0.61206593291171174 -0.559900
-0.86206966320610512 -6.9573277040026174 -1.182544
1.4207190094080282 -6.9635590779362815 -2.549005
6.2202905366204906 -3.4412301520779192 -1.303952
-1.8024564202046971 -2.6601227698042686 1.301659
1.190988785514028 -1.0781323951920641 0.470887
1.1198279456873284 -1.1815267293310745 -0.667056
6.7379479699766094 5.0332428515682235 -3.720977
6.7200188673367673 5.4564285918329603 -1.732162
4.8508958702362026 6.7444399269729836 -1.737976
2.2177300972164442 1.1385479377046295 0.378980
4.6392814055393536 6.9081636935157427 -1.194722
-5.2893427307509135 1.2344480020232957 -1.542851
6.1069848520637819 5.750422957215509 1.473314
-0.42315666062277213 6.614532212897192 -1.106057
6.6989832980774384 3.9558791921980934 -0.040803
-0.34490046613721503 6.9953010533813185 1.731620
6.7948599049316805 3.2002201231106486 -1.630221
6.9852356325663543 3.8764999735643642 0.179970
1.1445374656726575 1.4743265958418252 1.138146
-3.8230815481891294 6.8231569625187927 -0.347119
6.9089924399871556 4.858976470087665 -0.207663
2.862071063426729 -0.027755902196139104 0.530632
6.809636609976728 5.8129238142343809 -0.152864
0.89886106525060505 0.11448540885454417 0.587664
