6.9960130819189761 2.3600423877898837 -2.113878
6.7612884019423181 -4.5296738766223879 -0.276483
-0.84095568471380577 6.7254345669894331 0.485884
-2.8552475736574143 -1.195495025474389 -0.453348
0.97908565757474264 -0.8688513412586456 0.639047
0.86686858850383697 -0.73644239327255168 -0.389734
6.5759274526828335 -0.55392107272787161 -2.684550
6.81531253957478 -1.0156711682561594 -1.716576
-4.3677705462820793 6.9591129173212245 -3.156903
-5.9308956263164241 6.7880969047394313 -1.967433
6.4322768566673147 6.9346930204072628 0.346476
-4.1614562777897248 2.0848708912708389 1.080410
-4.1887140972738806 2.2715336843653926 -1.863882
4.3749342066199723 -6.5951205197912364 -2.078983
4.1581859991686763 -6.8761833708834894 -1.904177
-6.9929558930479283 2.9743958667400463 0.420894
-4.7234592605985881 -6.9433681835080403 -1.571082
1.1700644283187334 -6.3717187832390829 -1.109750
1.5824044597325457 -6.7386367383202934 -2.643056
3.3733863115337108 -0.0069838301435360961 -0.238302
-1.2144765625012965 -6.7386563608614107 -0.773792
-0.46105534501846179 0.81077950531509568 -0.348993
-1.4817930093525895 1.0970854499703968 -1.594780
-2.5168810590318813 1.3882731919370297 -3.256085
0.90064020592516769 1.9400843073581822 0.529837
-2.2880756293106321 6.3325736547746772 -2.591081
-6.6647287869948784 -0.067732440853886189 -1.190076
-0.46356397499392266 -1.3191152368549561 -0.308950
-6.6095058473410182 -0.32803417482284924 -0.209075
0.97689135889684486 -3.5989403800894681 -0.385595
-6.9713397851245222 -6.5885227826204433 -1.050569
-6.7966905698049906 4.7743139379736839 -0.137287
6.1107947923021975 -5.7704857483939698 0.385073
6.7648810657751675 -6.683904256595862 -0.222753
-2.5301303656836005 0.93472058665187419 0.280610
-3.2805962822812025 1.1539880160010672 0.537389
-0.92944825070529991 2.0432501985105702 -0.483158
-0.8781656928417787 1.5023960864692381 0.136550
-2.9717394826425245 3.7773259524687326 1.192475
-2.2979466357289926 4.3731895632521525 -1.961047
