-6.9027581229379242 1.5485862990285906 0.319380
6.8039981896084587 -3.4086061337537448 -1.880575
1.9327535152668815 6.1302182558829443 0.172015
-3.08676900024681 -6.9312829528970088 0.630803
-6.6674043251086808 -2.9760844527021337 -1.651203
6.9355723004974141 1.4403951428318944 0.060898
1.1500358566114457 -0.1897126027407694 0.802246
-0.25967970162856169 0.6463258812790933 1.005283
3.2109340295199029 -6.9346705833256577 -1.013572
3.3180291969662274 -6.791263919351163 -1.473932
-3.3061253902401599 6.0536200645859815 -0.435524
-3.3045720349379208 6.9315606747023484 -2.683929
0.3102110353723937 -1.4092493173064371 0.476530
-5.4776514850003295 -5.4314353736214329 0.238848
3.1424116803653526 0.24246712575612062 -0.919996
-6.8395861068782615 6.9267364325179539 -0.476482
4.8841368953571624 -6.0225524579145864 -1.809632
6.8626744860192925 5.6762354248609146 -1.525043
-3.2716471511590779 6.8427171895975984 -0.965627
3.3004488004257322 4.9512470861778404 -3.150687
2.5784372849884445 3.7547066148512229 -2.350063
-0.69087239264281575 6.909544253827999 0.817077
0.93400584721717994 -6.7373875199909987 0.357854
0.71036942473811759 -6.7689570067200826 2.705893
0.33856039485465317 2.9581587644649652 1.240033
-6.7113809690633932 0.070899593331657407 0.208563
6.9067862247459662 -0.37039646627069622 0.283620
-1.8467735863130095 -1.6111429501895582 -1.326388
1.6020621019699188 -2.0382673607300381 0.903138
0.43457483576554878 0.54137513600222054 0.864487
2.3338198339178806 -6.829626613900551 -0.086254
0.76252601291294209 -4.4785026914221815 2.830058
1.2955441833811498 2.2632812058055354 -2.667804
1.8502554482727884 0.99817656165248181 1.673770
-0.12005058247218248 -2.5906830330278421 1.488934
1.6388350418791831 1.0930095365430379 -1.516273
1.7326399911006725 1.461884902551871 2.560915
6.938058549768801 3.9385748405705847 -0.827437
5.7841609477584726 6.0935480856332092 -3.511720
0.72841186708275441 2.0405696196081671 0.140277
