6.7180937981531272 -6.4403651445562407 -2.038579
-6.6359064600999798 -3.1521211757376313 0.722086
6.9206461285321605 5.0022866410661706 -0.160619
0.32177069456043927 -0.23840225616111343 1.841990
-4.1413894961146571 -6.7928598104715219 1.756699
-3.9714141944001629 -6.8213425247755204 -0.032492
2.0288552977892724 6.1233638513684614 -0.087939
2.8553717771662299 6.9724054717137296 -1.407618
-6.699328981876441 2.4880628175960471 0.295896
-6.7093141852533904 -6.2888588050151339 0.826494
1.2802566462750065 -6.6579067010996011 -0.196089
2.0851938093241316 -6.9818910657849695 -0.122544
6.7157575188918504 -3.0351119380835101 0.992975
6.8981081494728915 -2.9853150970787876 -1.296433
-1.2743629115848245 6.6830987819603749 -1.986219
6.8151304068000247 0.058745083911917462 -0.253952
-2.071969381641086 6.716207680663544 -0.686783
-1.6104442555561995 -1.1093162025962187 -0.697342
-1.1673477323421189 -0.59473632064755044 -2.471070
-0.69622994525956639 1.7455886047229541 -2.089784
-6.8505018715939832 -0.52081894428404496 1.028634
-6.582660264681107 -0.66325353383686103 0.281006
-1.8402063548370524 -6.8728496827974439 -1.581322
-2.2873097836284408 1.0515022000569196 -0.539797
-1.699106117281052 -6.8827920425420324 -3.464435
-1.3529681547875043 -6.6664294708730614 0.618289
-2.0731276044596489 -0.95044358765597803 -0.006780
-1.0424624895177335 -1.6796680761848837 0.403678
-5.9767567650301965 4.5697964547988708 -1.728862
-0.77784006122855498 -6.9239519989045615 -1.387825
-5.5373936898046825 -6.8899100572847196 -0.766456
0.32454498236404916 -2.1219191679497129 -0.708692
0.59259970676897122 1.4063549806988167 -0.706261
1.7611759464575183 -0.48956127854749365 -1.385285
-6.1065763560815185 -6.5911343124432635 -2.269626
0.68839307201574673 6.8203238117575111 -1.602579
-6.8605996461149514 -5.0120722799743014 -0.679589
0.90327662188784874 -1.4839886823049868 -0.490632
0.15867374527087019 3.188258034813062 -1.728336
-6.6156390194149344 -6.2151326108727298 -0.083485
