-3.7296935123543618 -2.0391238887098346 -2.365458
6.697498951775243 2.7411464260623148 -0.558349
0.72796626886645033 6.9878404218812893 0.549654
-5.4353650327192327 6.8544354354825394 -0.351408
0.61797503152725053 -0.76798503489329306 0.485920
-6.7789812925229391 0.74265450624821749 -1.122241
6.9132994304974851 -0.71426667548363554 1.360821
6.4801085992412375 -1.0059381891484991 -0.772445
-2.6966199687932795 -6.6618121589462165 1.060948
-2.7348478374457734 -6.9219243433776558 -2.496015
0.8712403627545493 -6.861750604723805 -1.033762
0.54685723133968445 -6.7869628994221172 0.684856
-1.0525756376483555 -0.15581548640192011 0.190144
-4.2257500956304552 -6.0372716882493433 -0.196326
-2.3067397686206688 -6.9859758681968733 -1.200488
2.5045124308836364 -6.867947026004523 -0.039110
-3.5739209533300205 6.9716251790812009 -2.842603
6.9502030030117155 -0.11828147940501221 0.187275
-2.525777440392921 6.9726005781379961 -0.582413
-6.8120196000535618 -5.2191921676356934 2.111454
-2.2187219557346394 1.3994998930090361 -0.711190
6.8636086662909648 -5.6173911161555843 -2.401393
6.8267115383167543 -6.9208583324868718 -2.714429
-2.1400396971960625 6.7638786135657263 1.566740
-6.9357550712407914 3.2562775422976191 -0.294635
-3.2533812772411697 -6.8574841081615485 -0.945712
1.0522125430115814 6.9013461894475938 0.653786
4.2466129429675377 -6.9453735412208992 0.951688
6.5703267917117607 5.1985626366549749 -0.606629
-6.9531731303037603 -3.8631499193115131 0.597317
-1.4568133322882968 3.1414401679141832 -0.193575
4.6245009854679999 -6.9637509861616467 -0.589468
0.67828636448291402 -2.9911967454709378 0.634896
-1.9163386898922408 -1.6908129949471196 -2.552181
0.63853806980092642 0.12572266519017905 -0.288444
-6.5664529986094085 -1.2372315163200884 -0.541595
-0.21806204128861673 0.5752979507269762 -0.886020
-6.9731153172465064 -1.4174951146039874 0.496489
-1.9703192740826223 -0.6344124323875926 -0.913602
-3.8376363237730806 -3.7153707589843199 -1.652575
