-0.60324292256951662 4.1949320464198809 -1.561227
0.70685346579956043 -6.5416673268680761 0.678718
-5.9701964295651635 -0.24336552571236059 0.645408
6.785150022888228 5.4752403381072838 -1.747295
5.2234861789606644 -6.8602676827027986 -1.533104
6.9620653336290328 -0.48936814626955893 1.014503
6.930089000150355 -0.74971475146867217 -0.238003
6.7851946089554183 -0.42752299347191425 0.253523
2.508772099002698 6.7482645620293695 -1.434630
2.1674361697876581 6.4077971200659913 -1.056318
-6.7184583353159084 4.8937150584149638 -2.998094
-3.9749412800330379 3.5615250540771211 -1.466238
3.2188222415206358 -6.8876311236109347 -1.434496
-1.1379508528882978 -6.9339999697529979 -1.975415
-1.0687397248115769 -6.896284301203683 -2.704209
1.84523381993362 -0.32172395797806175 -0.492591
-2.9099479381351969 1.0548575540506793 -1.576594
1.6200816791566943 -0.22830322384042745 -0.211174
-6.5123121826245685 -4.1304843843035313 -2.039072
-4.6561104797403852 -2.98188205968966 -1.311141
-6.6956475151103598 1.7686151010918643 0.058492
-5.7630864425522415 -6.7644555418111896 -1.160587
6.7206529107023236 2.7168533366954009 -2.666029
0.92986761382209249 1.091888568979158 0.956493
1.1650898968402359 1.3806767855790856 -1.064954
-6.7821726120602781 -1.9652531450605588 -0.309715
6.5863777369914764 1.532947791305169 -0.155723
5.9467166461443561 -5.216781198447034 0.155378
-0.95022899677339012 0.87525167012193972 1.316232
-0.92745263370007969 -2.7720228178048423 3.511775
-0.78835676639060104 0.1380893245690249 1.505404
-0.9772166637214319 -2.2533530002589073 0.141865
-0.67024919996429499 -2.6547726036035897 0.415522
6.9329369749043543 -3.6090270253943562 -0.917214
-2.4781507486795826 -6.8797112186108169 -1.230454
-2.0115973034527332 6.9553097255049714 -2.362371
-2.1207157957196898 6.7893879526112819 -1.534452
-6.9996038724092768 3.444769188246827 -0.847042
2.2407530480716424 1.4632319943828307 -1.406509
-3.6746342658338405 6.9880433437428149 -1.582750
