-0.23436007672138892 -2.8752551373801767 -3.139299
-6.8514758565717084 0.47795922453992912 -0.719651
3.8406119400533569 6.5428753603090417 -0.577749
2.360441546464191 0.43059774414055862 0.946484
-5.7804602013999791 -5.3816362263318425 -1.604997
-6.8249907806586103 -6.5973676679446163 -0.491708
6.710706014947224 -4.0033460235987803 -2.709180
2.6008935540378904 -6.8855746299159195 -3.408614
6.5055500781834237 -2.7222220352389668 -0.456391
-1.9211525999576065 6.631836551326062 -0.447701
-3.9608280281962593 -6.9010409990826256 -1.574708
-6.5175427284367053 4.5159033723309641 -2.032930
-6.7301562480863941 4.6327318241123887 -3.962446
-0.5018025666082897 1.3098902829935923 2.080937
-0.41132474398293706 6.8493036388229172 0.414566
-1.0596754574029843 -0.47536421909657633 2.309180
-0.68679767891279297 -0.30917558605357875 -0.425067
-1.7120352819596141 -6.7260490347197202 -1.933732
-0.78234564737793733 -0.8678984907928875 -0.968420
5.9185711164109129 -6.9827831626847532 0.698332
-5.9844579020276312 -2.4114340365298697 1.756074
5.651517684430635 -6.9354387435998959 -1.185619
-6.902136809898141 -3.6270050695705658 -0.124146
6.8842980881453766 3.5951645348057095 0.067549
-4.7933148880998209 6.9594025839342155 -1.279354
1.6270784998897803 -2.0035981726443923 -1.352840
6.6385980186099509 -1.2863561861493 0.451363
6.7329288627752142 -5.2981147028001168 -0.131276
6.9765468596942828 6.9179418584190966 1.087803
-6.8662194220601585 6.8025088768095507 1.930459
-2.9068391231086901 2.3750505788686311 -1.281708
-6.9771106915491554 -0.67756133296616028 -0.347768
0.62678103249420847 -0.24558450864468728 -0.433411
-6.8841886444024398 3.8284693775396708 -3.674976
-0.25432678672929754 -0.092976375802999556 2.976748
-2.6331126491846062 0.88472257576082303 -1.601412
-1.8411649657659552 0.40310195605708099 -0.756689
4.0388442083985883 -6.272520065217682 -0.770007
-0.19699415605934156 0.67349764269502899 -1.021516
-6.7217187446085394 5.5885414537425184 1.673411
