6.4577400892361236 5.5074021694631909 -1.388139
-0.6187371670208881 -2.6968850162515334 -1.097669
-6.8501966966617243 -3.2945620064279906 -1.962589
4.570528818742325 -6.9057174966801176 0.081743
-3.44396486905086 1.6380764055071282 -1.469370
6.8909720276255513 -0.76507725011364336 -2.638590
6.8186782744787795 -1.9956312791039235 -0.353364
6.8530297512564484 -2.9631474429011675 -1.816718
6.9233410467605729 0.27227063699602105 0.739980
1.2081020300415144 1.6719620671341247 -2.737614
-6.1192969706068769 -6.8233997450002812 -1.744500
-6.9337520899506844 6.5705277402700517 1.122912
-6.964775292154636 5.6771813378660099 -3.702397
-6.8059640944478303 6.1321922432570322 -0.992244
-6.4056918747706302 1.6394537162738665 -2.652224
-6.7680428950263014 1.5603019069139368 -0.883392
-1.6919805261724923 6.8512924280186436 -2.294000
-3.0115133517581665 6.5298647279246094 -1.785958
-6.8198509791164321 5.2740246067213796 0.731851
3.4260112476910436 -0.24928560143954837 1.626097
2.1006394176193108 -0.70634445828671488 3.204215
6.7936838719270263 -6.4051240331218127 -1.937421
-6.7184656637499645 4.3224441124213833 0.023490
0.88284696122736328 0.4018082888103498 -1.128122
5.2917475631657975 6.9029875485833632 -0.726743
5.7716410833836349 6.957513335362183 -0.036789
-6.0459678014163103 -1.779461171146699 -1.557446
1.1020670738993648 -1.7726318610114555 -0.091865
0.99444698078002514 -1.6294386717617542 3.327522
6.3159964609448132 2.013812604608157 -1.602981
6.5379817990817806 2.2811841288002235 -1.606112
0.73341630185055617 -0.42051378413498419 4.047754
-0.80561485779019737 -6.5582721660650485 -1.754030
-5.6546130185480727 6.9490279621424698 -4.251956
-4.6642520147198638 -0.56294357630164793 -0.363749
-0.019554887326000525 -1.4317577638854297 2.904521
2.3627106580471082 -1.9185032211576347 -0.823247
-1.1150804710088922 -0.30176119823242153 -0.220643
-1.1084279626118931 -0.36462265917815895 -0.580262
-6.8926823270526318 6.6556842201376263 -1.172026
