-6.5673405899315345 -0.97341126796244204 0.378299
6.7403889552844252 -6.9831259227907001 1.066323
-1.3473729036272566 6.7976438573713764 -0.419638
-0.065893318754183916 -6.9244292922614363 -0.168051
-6.1715195952225814 6.9871053629746562 0.909133
-2.3193596889611721 1.3973982578666657 -1.409042
6.8472557868332142 4.9969946787030519 -2.361074
-0.98624334292583704 -0.0564919317365149 -0.357476
1.259974612858942 6.9785176307791303 -0.262919
6.9845870196505704 -0.10218764673196112 -2.230759
6.6679819280941288 0.35876799075712995 0.512930
6.9152793169835416 -4.56637183305926 -0.829188
-6.8691344752306795 -5.8167426467071559 1.600399
4.8070771926616551 -6.9156730564616771 -2.776546
3.9302854767577973 -6.6028631655025878 0.196142
-1.7444741915655015 -6.1852903378890662 -0.889819
2.3983689562410717 -6.6847152375432568 0.646985
-6.708007142980362 3.4797929467137649 -0.226754
5.8718545506999238 -6.8875144743410095 -1.834707
6.2884052325372402 -6.9708868326976976 -1.914556
4.1190740273745483 6.4453106097945145 -0.478696
4.4296753807284173 6.8567455519743028 -1.498983
1.322918524069431 -2.0258152870112838 -1.028695
-3.8776137174958194 6.9765523217467624 -1.876521
1.3459422727771688 -1.7916374093977661 -2.033978
-2.5647192989917951 -4.0955880721238209 -0.316202
0.9371365255475812 0.81369129669222318 1.734129
0.58117105310509132 1.5768746291748457 2.192950
6.8427850388775315 1.8747447728535462 -1.363488
6.5302223644876722 1.8317683252584942 -1.184182
1.1537042989434667 -0.15297904727211531 2.686340
6.8676264737004296 0.66653870913349778 -0.450131
-6.6687253370925985 -3.7082107518449945 -0.047233
-6.5115954035280454 -3.6507399618666749 -0.555476
-6.7817038936478022 0.85491847608915883 0.511853
-6.7709850798165974 -6.9627252740294105 -1.393012
-2.9153168326590073 3.7746657901091716 -1.513910
-5.008696349279198 -6.9634084920410526 -1.209545
-0.015825038026262561 0.43801304690133147 1.731786
6.5677207523747665 -6.7087326214155976 -3.891264
