-6.8384032645589947 -2.3374235382792721 -2.946339
6.6104540853553981 2.6876633373118288 0.485004
-0.60127894173465268 -5.5931302255437902 -1.546355
-5.1992583881543784 6.8961294800382724 -1.742313
3.7446674033690996 6.678077527078452 -3.060720
-1.5555778503506463 6.2786463179455794 1.939550
-1.3422309072537182 6.6763695161205501 0.349152
-1.0459744656756103 0.48384249910039934 -0.095413
6.716396467134059 3.7741588293555566 0.247566
-5.8325679493741571 -6.8160379024065803 -1.284019
1.0653424443253172 2.4113412728119599 0.342622
2.956628909809945 -6.5778083133119827 -0.122989
3.1051522348645797 -6.5638323528276681 -1.566473
1.9173261415690952 6.6492691913066864 1.045191
-6.6513982853903801 -4.2366236899436549 -2.933476
-6.3493275944849401 0.25643375028416759 -2.395956
2.4248834729017599 -0.37043940459951585 0.529342
-6.897503618612058 6.4636650206416135 -1.682576
3.3798334198856654 6.753293564955408 -4.434037
6.4609620716306857 6.6303070310427596 -1.414491
6.68360627915877 6.9602790428601278 -2.170327
6.9215986194171926 0.090373018909809311 2.106708
0.15513825169757034 2.0538587205312986 -0.957996
6.8710601545327652 -0.11689160816800381 -0.551956
2.565519486547343 6.8183286366139377 -0.989936
0.63952771285891874 0.82384186050233055 -1.680801
6.6495196346251753 -0.64371990195927697 0.039754
-0.46764273471461681 -1.5247635588180799 -0.045281
-0.74929544282649907 -2.0149063626668475 0.179259
6.7202212533583161 0.38897011203950171 1.609597
6.9416289649102669 -6.6660141387348384 -3.024758
1.9379786085933191 1.9813153261520267 -0.066240
-3.247353090950142 -2.2306014923902477 -2.371127
6.7355853545766511 -2.9983657945086595 -0.308925
1.1168351505895959 -1.4253750706087098 -1.079490
6.9997777776165577 -3.298145910700454 -1.686045
-2.0786580313320666 6.9105034391069751 -0.793663
4.8117464097308176 -6.7669046857921353 -0.712235
-2.2485662725860243 -6.9211103908705303 0.021896
6.9197208557504499 -6.9596611960933785 -0.514263
