-6.6873427873924465 -4.4076228594973728 -0.894704
6.4608630584037705 3.4362432593368553 0.354943
-1.3594974397018174 -6.1584246094268398 -2.590917
-5.5873517894249138 6.7571207179642627 -1.585307
-0.58296681040343135 -1.1603754453492581 0.973849
-0.78766172993292116 -0.95126449131420987 2.097196
0.96528352086416369 0.89800066342698059 -2.874898
1.0950824056227955 1.0218208603239578 0.437561
1.4962357046538468 6.9714760470580757 -1.519619
-2.863864811380485 -5.0633210457885953 -1.403272
3.4420481742696509 -6.8873681688054242 -1.677314
-6.5490639035636393 1.746067293181877 -2.646518
-6.8024221280243342 1.7688808152477904 -2.175946
0.51128441336216834 -6.9488244461300104 -0.205313
-6.5583553234956433 -0.28764015554704869 -0.528774
-4.1534665085856757 -0.23261648384184497 -1.895802
-2.6467245723076243 -6.7651127109971556 -0.771257
-6.9754500753839546 0.10344329933856411 -0.542839
-1.9148978774762098 -2.4644592894517459 -1.949197
-1.2968648499616569 0.68725576082207951 -0.537616
-1.1017828669793861 1.2096044952918916 -0.284938
3.257887485566636 4.1253350008870875 -1.665483
-5.7352521575696134 -6.5211440487345396 1.959584
5.5383008396565536 -0.81001344500228534 -0.289450
-0.60974099022310835 6.8389148263645918 -1.222345
-6.8639699289038285 -2.1171402494467522 -0.737324
-6.895446888831346 4.3266039085097212 0.544054
-1.4023969477107965 -0.52472173855697424 -1.599029
0.45781445704765122 -1.5695726529746947 0.562039
-6.8256635428389458 4.9551097936417268 -2.228547
-2.5502601404781151 6.7689649810187653 0.931311
6.8802405246509313 -4.9873203995937887 -2.497111
0.13692823342506077 -0.0455986027276154 3.261770
0.30601759123227801 -0.066326674630797555 1.433318
0.63154602037523055 -0.13247198909616564 1.738852
-5.9540098733202829 4.8581851913887739 0.477525
-6.1536444608357233 3.3650681893975101 -1.909216
6.7205951839238356 0.96104719633845548 1.125099
-0.14724851525150839 1.048941470361056 0.559680
-0.071763453104909836 1.0124145368387456 -0.831849
