6.5862507027245503 -6.9327819123148506 -0.578234
-0.91081997361316969 6.6940593417098579 -0.925883
2.3751768725312594 -0.71942577169748212 0.957482
3.7844364742271139 4.5729372227112393 -0.607431
-2.4538681164550979 -6.8747416320276278 1.206583
6.9913918637366432 2.4609008643626122 -2.043973
6.9128317796125511 2.5040694067102667 -2.513872
-5.5289072217293365 -0.42749050734586813 1.124140
1.770866087759682 -6.3023030813360803 0.083485
0.57697311268735696 0.32837058900628513 0.781498
0.47996775763294952 0.50794295190147043 1.271586
1.5904811641512531 6.3427668131752934 -1.733356
1.7984181440660407 6.8872662659773596 -1.291867
-6.3618386885735791 -6.9665708804912834 2.408866
-5.5602963760608555 6.7817579782077715 0.370963
-0.96890921509037042 2.1844677543886295 -1.280869
6.9729232807136654 -0.65045994630422754 -0.633166
-0.94863530225594683 2.2603004750374271 -0.022046
-1.5212726142061541 -0.88473111167897223 -0.586309
-1.2602876163859831 -0.47050616731595873 -1.969184
-6.1601370137124958 -2.1419772189628921 -2.605410
-6.357898122393336 -2.3704319647890859 -3.197755
-6.9376958793487713 -0.43150178856821597 -1.878721
6.6778948053072895 6.6981675568563457 0.308222
-2.5108321717678797 0.84354297669198886 0.874038
-2.7305749363123697 1.2227642689401339 1.410010
6.9901694955650981 -3.9838084423291291 -1.894898
6.803018107206535 -4.6606180547165419 0.130940
-3.5146331024788733 -0.90850227302804853 -1.526588
-6.9182470477193565 -0.12290582427715524 -1.607794
-6.8127262268576461 -4.9482369045027541 -1.662681
-6.6567221018018925 -1.0977729666277902 -1.307234
5.5827269721516917 6.9328018031471483 0.090536
-1.2459867622595242 0.12186582294049852 -0.365554
-1.3849898395558506 0.41033469867715233 0.765030
-6.9995356205220931 0.29212657946736709 -2.184959
-1.4997314872320491 -2.2627454692286202 -1.215281
-6.6704893375366199 1.1327698052215194 -2.918525
-1.9205936545471047 -2.5113005013264562 -0.091029
-2.8671771987474663 6.605456856784425 0.060038
