5.2043105215797532 3.0071356449173674 -1.428566
6.2650426212843477 -6.214418530563024 -2.418737
-4.2252743972555162 -6.7389381671934805 -1.077284
-3.2420484397963079 6.94465991633008 -0.401550
6.9655291737585774 -2.2617236882829479 -0.258646
6.9524100934832855 -1.6581198999540359 -0.602885
-6.7087490805928081 2.108623886408072 -2.104220
-6.9563630533745835 -1.0274218442713607 -1.110079
-0.20258465588132424 -6.728399832743162 1.818391
-1.6053967939100158 -6.982555116096627 -0.788883
5.938457037718603 -6.9102624968361406 -1.440940
5.3206673789262098 -6.3506435962579619 -0.452202
6.9178949530957787 0.1461668590986358 -1.861652
-0.10127238222347046 6.4547617369672743 -1.966058
0.21841865481807776 6.7498579915224308 -1.445592
1.5758763190890406 -3.1757956204328881 0.004381
-5.5672384882500756 -4.3762589181030203 1.075919
-6.676260401588344 -4.6179209114308861 0.640792
-0.37871218294483988 0.24605675880878408 1.294411
-0.65222920491364977 0.26343717592421534 1.488645
-1.0013850736011571 0.3355697423444397 1.305459
-6.6381177857636322 4.3057392894808419 -3.021834
-6.7401560286031534 4.4768766791583126 -1.622233
1.568064942578447 -0.99747890205709666 0.570056
-0.57506166524522762 -2.1916376178139174 -1.320709
-6.9375415677999257 6.1754665957647834 0.596697
-6.9254393219639763 6.5109159580553229 -0.080530
6.8673699491177622 -4.7994770001662994 -1.832956
-6.6286051828430024 -6.9697340619355597 0.018472
-5.4124612169664932 6.7157646529801323 0.052501
1.5533548052185981 6.7784397667497274 -1.026819
1.2795299988759457 1.0373064312467957 -2.619981
1.9070267523104718 1.9549455267136882 -1.167676
6.7105356185306775 3.067021963799645 -1.658927
-0.19117249050261087 1.5735687734199892 2.086120
-0.61780564176496 2.3836691536074941 -3.035324
0.45317997494460815 0.32516112577495981 -2.649287
-0.023490718700033497 2.0446787274767324 -1.103039
-2.6776909722119928 4.1301473648500782 0.296579
-2.1863556805796227 -1.6172855026264372 -3.076540
