1.1059535248967336 -0.44687684938971461 0.721553
-6.9970814645094013 6.1246941118586697 -1.327027
1.465611976843471 6.2649806051317469 -1.518797
-3.9146383633989124 -6.868205839736838 -4.488898
-6.8461569990370794 -2.2814150287249699 -1.949714
1.2447245129251154 -6.8950706846937155 -1.893323
1.4826662843047433 -6.8592426916437388 0.253064
3.6496018312964544 6.7686857120518056 -1.141286
4.6113738635907779 6.6325351332669022 -2.860215
5.8203476439117239 -4.1114814076451189 -0.797333
4.6471212694548587 -3.5481531350720328 -0.123247
6.9305276272419718 4.0111443810629641 -0.222047
6.9512836751419425 4.6912784128505312 -1.457083
-2.022299911848263 6.8947232433386318 -2.312713
-1.2521046056229945 -1.4625545948960941 0.739450
-6.9357445150693309 -0.82039425589625115 -2.098569
-6.8058191316173069 0.21973446270800956 1.773590
0.60499599661739545 -6.9759533544700112 0.806382
-6.7997549850685637 0.60910168788728214 0.202393
-6.9943667888803471 -6.516405216601127 0.947750
-0.76950965086686907 -6.6288922420177334 1.117472
-1.3678097768273254 -6.8655747347847065 0.832618
-6.0714214604572669 -6.6905388823399843 -0.743246
-0.46606049127481342 1.543466692858976 -1.669140
-6.8943838732022602 2.9587983688438957 -0.888092
-6.9801458798747742 2.3056322223804795 -1.718772
6.7051631182010247 -0.53999353764061464 1.324625
6.9974671926314809 -0.78185288347325432 1.599758
-4.4458080278673613 -0.1705576574558858 -0.804674
4.5930191671209908 -6.7346513852533851 0.916053
5.091872326546266 -6.7624820970282515 -1.075191
6.707057825505446 -4.6506019198196711 -1.896658
2.9648924624699049 2.1446673947672554 -2.910396
-0.22256596389631067 6.9748696510300636 1.029108
2.5834776210387833 1.7777590685998312 -1.052990
0.0088999533308182777 1.5487668712110967 0.990550
-2.8208662861330325 -3.0475197083394612 -2.294705
-1.1831534481902306 0.44059916809579303 -1.335033
6.9237806335277234 -2.8622154371903799 -2.724232
0.12448031653758562 0.8817321272766403 2.056921
