-0.26506606216822792 -6.2488270656293849 -0.112453
3.3682629345779063 6.0593528684389657 -4.168755
-6.9082226448633364 1.1865216766345821 1.279881
-6.9488241371146557 -6.7002178394351599 -1.902867
6.8407579758521049 -0.31688431051231092 0.216372
6.8139095868236268 -1.0050922307174393 0.508247
6.5842754434238966 -0.084028621334839571 1.230958
6.9228253382471969 5.6047809477391688 -2.350597
-1.2350680275979187 1.7003136569512538 -2.573087
-1.3312871792989807 1.611384440754378 -1.268599
4.0846853626431905 -6.9493959504671023 -0.933446
-5.2938177073043846 4.0720005912182149 -2.526134
-6.7393398321899065 4.5491704683235206 -1.830933
-2.7285308088448321 -6.516602263895706 -1.257780
1.6856674722317777 -0.70352349577821371 -1.015173
1.5054488674856099 -0.90526650094211014 -2.146229
6.4733851242805649 3.1507381087165047 1.699624
6.8986061244448322 2.7382615396906562 -2.857850
6.9724021408505479 6.8790160330604415 -1.774647
6.6711715238589555 2.736797562237415 -0.475102
0.86029666583344522 1.403787747527101 -3.120905
-0.27238683633186511 -2.2475846679469518 -0.954406
-1.923412837317052 6.7609771009480379 -1.735363
-6.8974544689631507 -2.7356723089865458 -1.837197
-6.9430410518656238 -2.7850461614110085 -1.612413
6.630064168307694 3.4629921673502899 -0.516522
-1.6536458436765757 -1.3511187960673663 -3.532166
6.5939075103251934 1.7714665108781151 -2.853085
6.5567919642973305 1.7042629258311166 -0.545765
1.1831329124536829 6.8559331330035587 -1.863024
3.7541570857120057 1.8772231408667608 -1.352148
-2.0318823528992889 0.56580676110405559 1.822983
6.7521203966233347 -6.955411485710937 -4.191761
-1.6599960647858465 0.3357907100543045 -0.557808
6.9704687305106283 -6.8911047382246107 -2.028716
-6.7585177927836195 -1.0776531288501392 0.833307
-6.9717204385320244 -1.0699336997351834 -0.677617
6.7604584895611115 -3.0135239276256955 -2.377035
-0.39702222675014376 0.3381420813046363 -0.861418
6.22799372772743 -3.188590130279751 -2.811880
