6.8244665744537354 -1.2513698847299093 -1.186029
-6.9868771242176821 6.7003205815437052 0.358195
1.2595051291798764 6.8991857289053495 -1.740838
1.5360224736333592 -1.6215667191700458 -0.285721
-6.892642981177449 -6.5390194233767929 -2.174291
-1.0019609502309361 -1.3704219474146955 0.708291
-0.068515286809470055 0.23450874455457438 2.097391
-0.092217299116619245 1.0611749917332869 1.498889
-6.839196192930892 -6.9083209607883136 -1.258445
-0.4102377553379366 -1.2785336330209276 -1.172765
2.0672032028201386 0.55274550886480434 -2.723531
-6.9945031147917991 -0.82212297810937685 1.655384
6.8085508066044707 -6.3423848701356231 -1.409338
-0.97324906321755833 6.8233569359927806 0.550654
-6.7857781512110629 2.2576663675984001 -1.687742
-6.8416045538592911 2.1018415724066877 -1.173367
1.7035342390111143 -6.608134353522459 -0.811150
0.91889146754726347 -2.4520716957975619 -1.794257
-5.0647882697900144 -2.3959826955330081 -0.951055
-5.8267119396569811 -3.2694712117605693 -2.606610
6.9877294410614592 6.5504218766570634 -1.039029
6.9577824180028269 5.1716194745897273 -0.144879
-4.2329790523839641 -6.812068973242825 -1.196391
-3.9123361945058877 -1.7039467104188502 -1.789065
3.4697019841469086 -1.7994065544505133 -2.849778
-6.8493109257899896 -1.7950857893184429 0.919078
-2.2378000317378488 -6.9919108845661784 0.489520
-2.99483284395283 -6.9254482888497959 -0.093965
0.18636569894992849 2.2624800319359029 -1.118717
-6.7798655416002953 0.61257301774449324 -0.388016
-4.8853291591466528 6.9274752737835925 0.021845
-4.3889913429624512 6.8396038500028684 -1.974901
6.8416132784163004 2.8579338343198604 1.335083
6.9223441417347917 2.432464171315992 -1.016430
4.1032271759795975 6.8183113349590858 -1.466678
5.3538129427038186 -6.8522555781358543 -2.136080
0.42188116523297303 0.51322911863459098 1.049190
6.9611065166282309 1.9823546898985018 -0.646327
-1.4392791454300511 0.099071310661106082 -0.607563
3.8588536208890716 -6.9552120168071419 1.920303
