3.5236506630326971 5.1616835928621665 -1.413984
-6.7671240136994948 3.5488130885857849 -1.222363
1.0227188989685274 4.5999581348439325 -0.379256
0.97495698401240283 6.1379952515092739 -0.472830
-0.99566296998241199 -1.5251484808493228 0.799654
-5.7535406683548782 2.1244534093554908 -3.230018
-0.29578195732759305 6.7646630566704644 -0.634373
5.0923326787119176 1.0560087573116714 0.031249
-6.1900161009189132 -1.9700709782709183 -2.895511
-3.6571829776307831 6.2085389027999724 -1.858364
-3.575566321924212 -0.39638467781220221 1.776396
-4.0405184549474207 5.4036611327677306 -0.431606
-4.9306348249033078 -1.733253444609983 -1.123462
4.1109097105221561 3.3176666704008486 -1.070127
-6.4124121514380326 -4.828924368911073 0.990859
-3.1178459867757833 6.3714570975597926 -0.491585
0.013404311259751722 0.42236523907965839 -0.983187
2.7581150537941532 0.96086590921817905 -2.404775
3.0660820849809287 4.4239094145349167 0.768908
-3.7675201871902 -1.268648999357997 0.588389
-3.6115940211469177 2.4777402795614805 -0.866652
0.99343027973407949 6.0317811283750888 -2.265329
4.2956810198949746 -3.6683107650154358 0.153825
-4.7812055203293191 4.8362605105232479 -0.967981
-3.4112858104367536 6.1911020767513101 0.143889
2.418513208373593 2.7236996694354882 -1.458481
4.7353270910648817 3.5294976076783122 -0.116961
1.8360235603636426 2.9854385837216704 -2.833590
6.1083673259240605 -0.52402657275187803 0.526585
1.6456894266501187 -6.6266571279538375 -0.054115
-2.5655134410909275 -3.7507445041532854 -0.542738
-5.1426506306793822 -1.6442159805485232 0.252457
-1.8476655344864366 1.581784958769024 -2.236729
5.7548252018893749 3.3974286774706641 -0.237733
0.433518668552904 4.8256912642654743 0.410771
2.748694527217145 1.6385837403078423 -0.375231
0.52279958891145384 5.8179443294729687 -0.670196
-3.3854026319741912 0.22270015947284616 -0.918376
0.63806920816987667 0.41669079879708182 2.215010
-6.4518065911115494 6.8700726275696908 -2.761565
