-5.2157971933505891 0.37015609351361078 -2.342806
-3.9100291189105141 -3.633001368076485 -0.229298
-4.4893107151161713 -6.7409797462412406 1.486538
-5.52956143333624 6.5909753843424248 -2.202287
-2.8141846985415526 4.2499399355997713 -1.504809
-5.5354588426812175 3.3589290640190406 -1.303072
5.5251186956381932 5.6554465941527461 -0.917558
-0.35475324432576727 1.495540003320091 -0.443582
2.6148565132997241 -6.0155027592595296 -0.855297
1.022743042759112 1.7914706917951726 0.300879
-4.2166347875120325 4.8925063371436615 -0.424139
-0.69288078640338036 6.9251822778686005 3.365803
-3.0190834970402665 0.92871310435912324 0.154633
1.7686838106289358 -6.287420288636195 0.114045
-1.08647156010211 -6.6295490870075415 -1.442254
-3.8431893257327285 -3.6753363849258678 -2.306708
-0.89898631575329446 1.1105814661510287 -0.994690
6.6469694411137183 -6.8985543678362298 -1.237704
4.5426032473301952 3.7902304783643554 -0.640377
-6.4638560823133204 -5.9515769631776845 -1.380178
-0.30548768515113878 6.2434831187227235 -0.641574
-4.3866141267861103 -4.6942384459556603 0.424466
2.5262103832189187 -0.21976703252487617 -0.821939
-0.32530012681667841 2.7711075619287069 1.298347
1.6353900135103689 3.4963173040800761 0.029480
-1.0990127277525064 1.9103420717508648 1.724824
0.668748243517026 1.847467988328269 -0.060940
-5.9682830293658711 4.4872972109290554 -2.669780
0.66059449298765571 -4.9497234479799737 -0.969700
-0.081029566067121195 1.5404620743998088 0.821801
3.2761677069119006 -5.4485511237394366 -3.580412
-1.867657268467747 4.064381367926778 -0.366908
1.757906496189614 -0.53474852075136159 -2.427689
-5.2037072894515513 -0.85088605244832483 -2.538052
-5.6422966302384339 -4.4632202606006786 -0.562437
-2.0838979817476009 2.859212779449912 -0.512645
-5.2591915385442576 5.3769852095389012 -0.639285
1.2586612818079193 2.8835223687262843 -0.318818
-4.4990662145613909 4.8145833266630724 0.153153
1.1266094771770554 4.9374369113132985 -1.297999
