-3.7636598961513306 -6.9637326208664083 0.796690
2.535983395236304 4.5566729016596064 -1.092585
-0.57910699399600229 -1.080472253412978 1.920740
3.5582682292113645 3.2181397753859393 -1.388250
-1.957551730567852 -0.8053536389759639 -0.875941
-3.9059612631004068 4.9179874812673816 -2.133813
3.6979011462671458 -2.1147525586756766 -4.022309
0.57130423701261979 -2.6531429998585443 -1.712462
4.5790968807663113 6.2153934088385228 0.147462
-2.0243019269301552 1.7898860213152403 -1.129116
4.0225522393271103 2.74388694767649 1.417097
6.0592382112956731 2.5942727560063172 -1.411708
-2.9637985794979436 -0.30581390212249548 1.155922
4.7500861066399835 -3.4005830942328039 -2.507853
-2.6340063509257607 2.9777908037660943 1.670714
6.6750359277539761 -1.5103956860862162 -0.177399
1.9765661235039449 -5.0312372800526113 -1.476015
6.1741813922405271 3.4164442324336353 0.086324
0.28172754653062082 -6.7081528697815749 1.964890
-1.5617726846884876 4.9804879152415413 -0.404429
1.6980694562726999 -5.1024395213309379 -0.595418
6.6240957547655626 5.3286222546873532 -0.588369
3.630431227034757 2.9567275685471603 -1.639449
3.6158725362346118 0.74409803060701929 1.201160
3.4822336138661747 -3.6688768681539417 -1.849114
-2.9895812735729228 1.5780084101146485 -0.519334
-5.1100766754410651 2.258724280334178 -0.463599
1.8057688333141488 1.0449731745432693 0.495177
4.6419502283135454 -3.4728350855743875 0.404916
0.99416510299906236 3.6227994871450253 -0.185209
-4.0246618786089501 -6.0212147105988603 -3.532874
-1.894461653152792 6.672169017980865 1.934428
-0.73700250227735964 1.9767910403709017 -0.584260
1.8019357032093364 5.6676710199288678 -3.407479
2.8225527068638119 1.2169309905808863 -1.279218
6.1704709161065736 0.6878800354748158 0.603325
2.8324417717967343 -2.6313385133528104 -1.885744
4.6109209493759291 2.6595728055957135 1.663930
4.9422611482279812 -2.0289023758986291 0.631357
3.2063647162209126 -4.406363430620158 0.666531
