-1.6061540208227161 -2.8856234018509443 -0.760088
4.2816233825881262 -2.8636799199363807 -3.686139
-4.6281001466000991 6.1648280097323571 0.735170
-3.1719654850427057 -0.8284583822706626 1.120682
-6.6651969091512058 -3.9230792696301737 0.241994
-6.9000897322820025 -1.3618832944760539 -2.283781
5.3845431064758351 -2.3990210918625188 -1.511498
-3.8114705965616205 5.4522210241303668 -0.537765
5.7426503202706041 -3.7759337637998009 -1.657567
6.9533438922458934 2.8748958411752827 -0.446160
-3.0949043273129559 -3.3740423258133867 0.200841
-1.5468950317096342 2.2970686877949067 -1.429655
1.1025155914420726 6.6100395575490705 -0.989875
5.0460240330446613 4.5783604184534958 2.178725
6.9278112294135195 1.4575604629808208 -3.087014
-0.69504928538229294 -0.73569306572096416 1.335694
0.50061928870644135 3.6032486755883184 -0.875567
1.1574791617528 4.5720176024619406 -0.622603
-2.1011637946367294 -3.579023738342753 -1.839280
3.3039525629684547 2.000895579426194 -3.593970
-1.1725134121968068 -5.98735073640111 -0.630733
-6.0746471203706891 -0.35896768906206233 -1.671885
2.0309483913243067 1.406969163725643 -0.069755
5.1873869840052738 -4.5147219315375464 -1.562003
-5.5517838657297434 5.3774772798715933 -2.283524
-6.387107180467809 -4.8645617341420255 -1.512057
-5.2254761713982498 6.4370885507562452 -0.462036
2.5066798902191003 -3.3311063932623979 -0.974842
-5.1392964722547534 -5.2449644304968022 -1.742517
-2.891707106808207 5.5303964526589429 -2.221902
-3.7427268053901859 -5.5535629186975797 -0.886680
6.4462217051098651 6.9208449354664658 -0.454783
-6.4897453450585099 -3.7262496642755751 -1.008739
-2.2963266891715906 3.6747411462959647 -1.718267
3.9802386818490483 6.3959134647193601 -1.840312
-3.1672874106709465 -1.2414549427165449 0.229805
-3.6070638234585268 -6.1191138806445844 1.946899
0.66525034601077682 5.3359371100919404 0.189184
3.1486365402860095 6.0673631727785988 -1.209074
-0.82550101580798074 6.8745015691460285 0.043361
