5.9766423584349138 6.6368162752642714 1.094032
-5.7662254619578688 -0.35641966307716189 1.018351
-6.926822066683191 -4.5922116736082543 -2.394625
-2.4731312344844687 -0.40557828727397283 0.116749
3.0275189266663638 0.015367626775176113 -0.539864
2.0415072438953583 -1.4064159562402603 -2.890013
5.2983335869168204 2.2608397105463887 -1.988934
-6.6318672775178138 6.8137945108089326 -3.594898
-4.2811146461832754 -1.964638088303432 -3.569615
0.34738315349832227 -5.0827427094403781 0.318194
-4.0273315802757592 -4.9228472148679252 -0.394112
3.2894075389742312 -0.9426219805449696 -2.476262
-4.7054997073072373 0.74689508837070928 -1.554648
4.20467172988816 4.4820463416524774 -0.158896
-6.9969062997308527 0.0097616652437597651 -1.954376
-6.81936795298859 -5.9171990346763366 -4.763247
-0.20014224435918848 4.3547707473125286 0.439770
5.7819677212010134 1.273088654758137 -3.386669
-6.4255287699680395 2.3471610077773271 -1.014959
6.0159627366181923 3.3335252550774239 -4.720935
0.70121448296536837 -4.8496503518203689 1.558432
3.3636563806095037 5.8490774112858901 0.496779
-3.399409510579376 6.4439148197318534 -1.756208
6.0564910886582553 3.8274250107814041 -1.126483
6.8223820082146247 -2.7748430542532105 -1.622348
2.6465689651564723 -2.0824936311242608 0.274648
2.29580660307969 -4.8900367798034665 -1.502860
1.8492254627385254 5.6091903833854388 -2.214909
-1.7107509216937142 -6.5626057306865331 -0.327010
-0.6098466056479559 6.3749592151715628 0.468230
-2.5166830549890218 1.6204958225505166 -1.951675
2.3458342184814782 2.4815114832162433 -0.638137
0.18799388921179627 3.6187841610729272 -1.460947
3.3369338748162853 -0.25866617746787934 -0.023725
5.8888427288149359 0.99826915791705773 -1.411245
-5.8734777331794907 2.1611205673962495 1.640010
5.3334652310332391 3.0253467535868772 -2.973984
-0.58454583339351895 3.7639296128174085 -1.185309
-4.4304090493424457 0.98389261149067231 0.344788
1.5866998476590837 3.9423330623279949 1.245632
