5.6084712565927237 1.9350374010517193 -1.437941
2.0649308210090496 0.94578417413587168 -1.224329
-6.1485616027663941 -3.0839020037371516 -1.841159
6.7660532038739127 0.52629542497731308 -0.863499
-1.8150328342355051 -1.8360337973734771 -2.656453
-0.15372489962869285 -3.5646109986763541 0.137550
-4.4208958087068231 5.6924839080889598 -0.783532
2.1522460823286238 0.97343627677842104 -1.197675
-1.8517517922023199 6.3538106888514285 -1.815287
4.4557775398447941 -0.75630658817165841 -0.126806
1.0217327713549373 2.2369612882810497 -0.335506
-2.4480318471865798 6.8389230942816095 -2.847998
5.668796820276139 4.546837737986813 -3.348079
-4.308088563900542 0.85406464164622875 -0.391202
6.5008960570626133 -3.530612460832284 -0.452323
-2.2115256969825765 5.2147625783399238 0.271977
3.7726440467353903 1.394571365215695 -2.555863
0.94914271218788038 -3.8561535818483801 -1.084560
1.0720750576212605 3.9402838684060182 -2.419801
1.5880505335903763 2.4554661968924414 -2.936042
-3.7116384305223207 -2.4539698904305247 -0.990830
-4.1386121180182878 3.5045305435755836 -1.461432
-0.64566885354029857 0.87800658017706024 0.919835
2.473050505980563 5.484132084886534 -0.861471
1.5960065365696732 -5.9953417272307501 0.696570
4.1903776540994357 -0.35203544640899675 1.539715
-5.6541321020897719 6.8765996355225187 -1.971152
3.6464814686898812 -5.1944015681504823 -1.146065
2.0114058369549159 -5.3759442955200427 -1.867571
-0.1589437975429604 -0.37563024639383435 3.230350
1.2112505323629552 6.1504068417403559 1.446296
-2.9986985376909843 4.3455745173042786 1.716259
1.492544866005856 3.4755890738869102 -0.928079
-0.32602580932772618 4.3481815792087772 -0.552639
5.6357296174458824 6.1755063282015605 -2.359849
5.6722053591059254 5.7247176484266689 -1.188473
-5.4752002770523847 2.2724418746957191 -1.946139
-6.4781130762180412 2.129614038278433 -2.520144
-1.2742316001251508 6.2715612887504602 -0.546820
-2.7611618345426292 2.8906666567850277 0.505761
