0.90459700448498026 -2.6668549686228085 0.635383
-3.800606821695844 4.8117617572400633 -0.635586
6.507052704293562 0.18193008747800832 -0.028259
2.8545146499219207 0.51205307652949461 0.647626
3.3975575893566763 1.9857656310854548 -1.079270
2.946444010869774 -4.5891602311763471 -0.953911
-0.72832257850764837 2.4300975619275462 1.526764
5.7531735310578824 -5.8305897708505459 -2.271434
-4.9136726242498003 -5.4442517317578192 -2.968272
0.017656438991661361 -2.4172190488179419 -2.467702
6.1677667254896384 5.894699485539947 -3.253184
-2.8525627724338829 -2.1967120451204263 0.812335
-5.3509451491081066 1.272390544797215 1.294452
-5.956865935590578 6.9429922135605882 1.702178
-6.8477456586813688 -1.3556868240104016 0.710887
0.90639077665611811 4.908897974290392 -0.694473
3.6614542166043478 3.692507135728091 -0.817219
6.7030732400293509 3.7646136803251018 -2.216760
-3.6811226697435604 2.966192289213085 -1.737361
-4.5259065111998771 -2.2588358867589653 -0.036836
6.8996981926075183 -1.9197380296428488 -0.537037
-2.7034674872597968 0.017659970846434447 -1.072959
-0.37213690666585642 -3.6881944868726535 2.395001
3.6134482179153089 3.0634929558633299 -2.481286
6.4965781590658835 -1.4728217194008799 -0.225061
3.9952755872675016 6.2100559449943091 -1.231375
3.0582169326267614 6.0354622689318198 -1.803289
-5.2310983242623479 -5.1031261589867061 -3.196151
6.9280712369779245 5.2410880536619366 -3.227092
-5.3356766577106356 6.5907008923558141 0.204714
4.1085985025622414 6.0289448343443865 1.301003
-6.8072646599434865 -6.8445268530351102 -2.068559
1.0256412814284932 0.29453230127460195 -0.604230
3.4823820981153109 4.0592411092704879 -1.330525
-3.1146518007270796 -6.1101104220545146 -0.562771
6.5985551285083819 -0.042396969439816523 -2.177389
1.3163209560472016 -1.1379954059843165 -1.875926
-4.841431347016254 -5.1664455599155001 0.068723
2.1145925955538232 5.5081355335704245 -3.553320
0.058183100642195562 5.8205456403747675 1.392392
