-1.3605794727217608 -0.43575727577919743 0.002120
4.1077895657200685 5.1844041972276056 2.722261
4.1844944984702277 4.2518227365226196 -1.271402
1.6384283359350462 0.81075905361864997 0.452223
-3.9172940434067609 4.8240497755365901 -2.112362
-6.756162398100602 -2.1206893675262828 1.301804
-0.56424600606202535 -6.0420525533584826 -1.609939
-0.70548219174035509 -5.1367046150590898 -0.154336
-0.010631964783561543 0.74794192101196977 2.334619
1.0467065331770584 0.58427145664573921 0.579129
-1.8438489408815055 -3.8447138616680672 -3.139188
-2.3713001641527063 0.89343133743029846 -0.187406
-1.947534329884105 -2.5044319596826909 1.708084
2.2166295221379073 4.3186132079243116 -3.972812
-4.9649044808946368 5.8458962262897955 -3.091592
0.45096888153341474 6.1708635397785656 1.864206
-4.2613314104717919 -5.8440810931920826 -0.968987
2.74324124396861 -5.4692190890386012 1.111760
4.761383337910214 -1.7490188379385208 -2.316838
5.8011257055401622 -6.0554986192547888 -3.278037
-4.491861416840659 2.0493577000119103 -2.050505
-0.1290745213226554 0.22174560477585992 -0.370346
-0.21649476500401299 -6.9628887020734993 -0.382008
-4.0353773270679607 0.19079108726442318 1.093905
0.83547071534899509 -2.1513662211956621 0.153205
5.289329086483356 6.5988637367444536 -0.787481
2.7086220898631677 -1.6388720551868579 1.475630
-2.9370462921958964 5.1697534775726357 -2.381024
-0.29903088622662999 -0.51909199436865272 1.228598
-3.6010016961173408 -3.8248614265396252 -1.026907
-0.13092331370385413 -1.2925767990889323 -0.034451
-4.292694303008882 -1.9520635794453796 0.472012
5.6519558913078125 -6.1363747361045258 -2.180824
3.6301448200086242 -2.8387132756994831 -0.005714
-3.574488607147245 2.2752413177882804 -2.129385
5.4071013664008998 -3.8605755551952505 -1.414928
0.57666344207986953 3.4152067187088111 -1.373988
-5.6808985646848917 -1.620553437528752 0.022785
-0.037547531953234348 3.7197428165277344 -0.559808
-0.86472050471771933 -0.92685794159215895 0.952719
